Fichero                                                      Desv.Media Ser
------------------------------------------------------------ ---------- --- --
\\PABLO\Articulos\Contagio\50SR_90Asin\s001.log                   86,94   1 ok
\\PABLO\Articulos\Contagio\50SR_90Asin\s002.log                   67,81   1 ok
\\PABLO\Articulos\Contagio\50SR_90Asin\s003.log                  555,09   1 
\\PABLO\Articulos\Contagio\50SR_90Asin\s004.log                   89,71   1 ok
\\PABLO\Articulos\Contagio\50SR_90Asin\s005.log                   79,65   1 ok
\\PABLO\Articulos\Contagio\50SR_90Asin\s006.log                   86,39   1 ok
\\PABLO\Articulos\Contagio\50SR_90Asin\s007.log                   43,57   1 ok
\\PABLO\Articulos\Contagio\50SR_90Asin\s008.log                   39,91   1 ok
\\PABLO\Articulos\Contagio\50SR_90Asin\s009.log                   36,13   1 ok
\\PABLO\Articulos\Contagio\50SR_90Asin\s010.log                  208,92   1 
\\PABLO\Articulos\Contagio\50SR_90Asin2\s001.log                 107,73   1 ok
\\PABLO\Articulos\Contagio\50SR_90Asin2\s002.log                  54,64   1 ok
\\PABLO\Articulos\Contagio\50SR_90Asin2\s003.log                  60,46   1 ok
\\PABLO\Articulos\Contagio\50SR_90Asin2\s004.log                  58,14   1 ok
\\PABLO\Articulos\Contagio\50SR_90Asin2\s005.log                  43,13   1 ok
\\PABLO\Articulos\Contagio\50SR_90Asin2\s006.log                  47,36   1 ok
\\PABLO\Articulos\Contagio\50SR_90Asin2\s007.log                  33,91   1 ok
\\PABLO\Articulos\Contagio\50SR_90Asin2\s008.log                  45,99   1 ok
\\PABLO\Articulos\Contagio\50SR_90Asin2\s009.log                  97,61   1 ok
\\PABLO\Articulos\Contagio\50SR_90Asin2\s010.log                  48,49   1 ok
------------------------------------------------------------ ---------- --- --
                                           2 x      94,58  =     189,16
------------------------------------------------------------ ---------- --- --

                                                                       Recorrido  Contactos Media días            ------ Afectados ---- ----------  Clusters -----------
Día     Sanos  Infectados Importados    Curados Desinmuniz    Muertos     Ida     críticos  infectados         R0   Cercania   Clusters Infectados    Curados    Muertos   Enfermos Hospitaliz  Ambiental
--- ---------- ---------- ---------- ---------- ---------- ---------- ---------- ---------- ---------- ---------- ---------- ---------- ---------- ---------- ---------- ---------- ---------- ----------
  1      49990         10          0          0          0          0      56,34       0,00        0,0       0,00          0          0          0          0          0          0          0          0
  2      49990         10          0          0          0          0      56,33       0,00        0,0       0,00          0          0          0          0          0          0          0          0
  3      49990         10          0          0          0          0      56,33       0,00        0,0       0,00          0          0          0          0          0          0          0          0
  4      49984         15          0          0          0          0      56,34       0,42        0,0       0,00          1          4          4          0          0          0          0          0
  5      49979         20          0          0          0          0      56,34       0,67        0,0       0,00          1          8          8          0          0          0          0          0
  6      49974         25          0          0          0          0      56,34       0,78        0,0       0,00          2         12         12          0          0          0          0          0
  7      49961         38          0          0          0          0      56,34       0,83        0,3       0,00          3         25         25          0          0          0          0          0
  8      49941         58          0          0          0          0      56,34       0,81        0,3       0,00          5         43         43          0          0          0          0          0
  9      49919         80          0          0          0          0      56,34       0,80        0,8       0,78          7         62         62          0          0          0          0          0
 10      49881        118          0          0          0          0      56,34       0,80        0,8       0,78         11         96         96          0          0          1          0          0
 11      49837        162          0          0          0          0      56,34       0,81        1,7       1,28         17        134        134          0          0          2          0          0
 12      49804        195          0          0          0          0      56,35       0,85        2,3       2,17         23        161        161          0          0          2          0          0
 13      49767        232          0          0          0          0      56,34       0,93        3,5       2,28         35        187        187          0          0          4          0          0
 14      49729        270          0          0          0          0      56,34       1,02        4,1       2,32         49        211        211          0          0          6          0          0
 15      49691        307          0          1          0          0      56,34       1,10        4,3       2,54         66        231        231          0          0          8          0          0
 16      49633        365          0          1          0          0      56,34       1,17        4,9       2,60         85        271        270          0          0         12          1          0
 17      49567        431          0          1          0          0      56,35       1,22        5,9       2,19        106        315        315          0          0         16          2          0
 18      49490        506          0          3          0          0      56,35       1,26        9,5       2,06        130        369        367          1          0         20          2          0
 19      49383        612          0          4          0          0      56,35       1,26        9,9       2,04        159        447        444          2          0         24          2          0
 20      49258        735          0          5          0          0      56,35       1,27       10,4       2,35        192        538        534          3          0         27          3          0
 21      49114        878          0          7          0          0      56,35       1,26       11,1       2,67        229        647        641          5          0         30          4          0
 22      48944       1045          0          9          0          0      56,35       1,27       11,6       2,63        271        773        766          6          0         35          4          0
 23      48738       1247          0         13          0          0      56,35       1,27       12,3       2,65        325        925        916          8          0         40          5          0
 24      48490       1491          0         17          0          0      56,35       1,26       12,8       2,75        389       1109       1097         11          0         48          6          0
 25      48223       1753          0         22          0          1      56,35       1,25       13,1       2,85        463       1303       1287         15          0         59          7          0
 26      47913       2057          0         27          0          1      56,35       1,26       13,6       2,71        551       1525       1504         19          0         71          8          0
 27      47552       2412          0         34          0          1      56,35       1,26       14,1       2,75        654       1783       1757         24          0         84          9          0
 28      47166       2788          0         43          0          1      56,35       1,27       14,7       2,78        778       2045       2013         31          1        100         11          0
 29      46727       3218          0         52          0          2      56,35       1,28       15,1       2,76        921       2341       2302         38          1        121         13          0
 30      46260       3672          0         65          0          2      56,34       1,29       15,4       2,69       1077       2651       2602         48          1        143         15          0
 31      45732       4184          0         79          0          2      56,34       1,30       15,6       2,65       1262       2994       2933         59          1        169         18          0
 32      45151       4743          0        100          0          4      56,34       1,30       16,5       2,63       1470       3368       3293         72          2        198         21          0
 33      44527       5345          0        122          0          4      56,34       1,31       16,6       2,63       1698       3764       3672         88          2        232         24          0
 34      43830       6014          0        148          0          6      56,34       1,31       16,7       2,56       1958       4201       4089        108          3        268         29          0
 35      43090       6721          0        181          0          7      56,34       1,32       17,0       2,60       2246       4653       4515        133          4        310         33          0
 36      42319       7451          0        219          0         10      56,34       1,32       17,2       2,56       2558       5112       4941        164          5        352         37          0
 37      41514       8210          0        262          0         12      56,35       1,33       17,4       2,54       2902       5572       5368        197          7        400         41          0
 38      40695       8972          0        317          0         14      56,34       1,33       17,6       2,52       3266       6027       5779        239          9        452         47          0
 39      39866       9734          0        381          0         17      56,34       1,33       17,9       2,46       3661       6462       6163        287         10        510         54          0
 40      39036      10488          0        453          0         21      56,35       1,34       18,1       2,47       4086       6867       6513        340         13        567         59          0
 41      38230      11201          0        541          0         26      56,35       1,34       18,4       2,44       4536       7222       6802        404         15        631         64          0
 42      37476      11848          0        642          0         31      56,35       1,34       18,6       2,39       4998       7514       7018        477         18        693         71          0
 43      36750      12463          0        747          0         37      56,35       1,34       18,7       2,35       5479       7760       7185        552         21        761         78          0
 44      36071      13006          0        877          0         44      56,35       1,35       18,8       2,32       5972       7946       7278        643         25        828         84          0
 45      35419      13509          0       1019          0         52      56,35       1,35       18,9       2,30       6471       8099       7328        741         29        895         89          0
 46      34800      13962          0       1176          0         60      56,35       1,35       19,0       2,27       6974       8214       7332        849         33        962         95          0
 47      34215      14355          0       1359          0         69      56,35       1,35       19,2       2,23       7478       8295       7281        976         38       1025        102          0
 48      33675      14679          0       1562          0         82      56,35       1,35       19,4       2,21       7958       8355       7197       1114         43       1084        108          0
 49      33144      14970          0       1790          0         94      56,35       1,35       19,6       2,19       8448       8397       7077       1270         49       1126        112          0
 50      32645      15195          0       2052          0        106      56,35       1,35       19,8       2,15       8918       8426       6923       1448         54       1164        117          0
 51      32150      15388          0       2339          0        120      56,36       1,35       20,1       2,12       9388       8450       6750       1639         61       1201        121          0
 52      31676      15532          0       2654          0        136      56,36       1,35       20,3       2,08       9843       8470       6552       1849         67       1231        124          0
 53      31205      15639          0       3003          0        151      56,36       1,35       20,6       2,05      10299       8485       6332       2079         73       1253        127          0
 54      30757      15680          0       3393          0        169      56,36       1,34       20,8       2,02      10732       8500       6089       2331         79       1269        128          0
 55      30323      15680          0       3809          0        186      56,36       1,34       21,1       1,99      11150       8516       5828       2602         86       1281        129          0
 56      29904      15635          0       4253          0        206      56,36       1,34       21,3       1,95      11555       8529       5556       2880         92       1281        129          0
 57      29507      15532          0       4733          0        227      56,37       1,33       21,6       1,92      11938       8544       5267       3177         99       1282        130          0
 58      29121      15375          0       5252          0        250      56,37       1,33       21,9       1,88      12308       8560       4956       3496        106       1280        129          0
 59      28745      15185          0       5795          0        273      56,37       1,33       22,1       1,85      12670       8574       4645       3816        112       1269        128          0
 60      28389      14948          0       6362          0        299      56,37       1,32       22,4       1,82      13011       8589       4327       4144        117       1256        127          0
 61      28044      14685          0       6941          0        327      56,38       1,32       22,6       1,79      13338       8606       4012       4469        124       1238        124          0
 62      27715      14362          0       7566          0        356      56,38       1,31       22,9       1,75      13652       8622       3677       4814        130       1214        121          0
 63      27395      14010          0       8209          0        384      56,38       1,31       23,1       1,72      13956       8637       3341       5161        134       1188        117          0
 64      27088      13636          0       8861          0        413      56,39       1,31       23,3       1,68      14245       8656       3017       5498        139       1155        113          0
 65      26802      13213          0       9539          0        444      56,39       1,30       23,5       1,65      14513       8674       2692       5838        143       1124        110          0
 66      26523      12772          0      10228          0        474      56,39       1,30       23,7       1,61      14773       8692       2376       6168        147       1084        107          0
 67      26261      12329          0      10904          0        505      56,40       1,30       23,9       1,58      15019       8709       2075       6481        151       1048        101          0
 68      26016      11854          0      11593          0        536      56,40       1,29       24,1       1,55      15246       8727       1789       6783        154       1008         96          0
 69      25777      11393          0      12261          0        567      56,41       1,29       24,3       1,51      15467       8744       1531       7057        156        972         93          0
 70      25550      10938          0      12913          0        597      56,41       1,29       24,4       1,48      15675       8763       1302       7303        158        935         91          0
 71      25339      10470          0      13559          0        631      56,42       1,28       24,5       1,45      15868       8782       1096       7525        159        894         87          0
 72      25129      10046          0      14160          0        663      56,42       1,28       24,7       1,42      16060       8800        926       7713        161        857         82          0
 73      24944       9612          0      14745          0        697      56,43       1,28       24,8       1,40      16226       8819        790       7866        161        819         79          0
 74      24761       9199          0      15309          0        729      56,44       1,28       24,9       1,37      16391       8836        682       7992        162        786         77          0
 75      24584       8811          0      15843          0        760      56,44       1,27       24,9       1,35      16550       8854        601       8089        163        755         74          0
 76      24416       8445          0      16347          0        791      56,45       1,27       25,0       1,32      16700       8873        545       8164        163        724         70          0
 77      24260       8083          0      16837          0        818      56,46       1,27       25,1       1,30      16839       8890        502       8224        163        690         66          0
 78      24106       7752          0      17295          0        845      56,47       1,27       25,1       1,28      16975       8908        477       8266        163        663         63          0
 79      23960       7430          0      17734          0        874      56,47       1,27       25,2       1,27      17103       8926        463       8298        164        635         60          0
 80      23818       7123          0      18158          0        898      56,48       1,26       25,2       1,25      17227       8944        454       8324        164        610         57          0
 81      23690       6829          0      18559          0        921      56,49       1,26       25,2       1,23      17338       8961        449       8346        164        585         55          0
 82      23566       6531          0      18957          0        944      56,50       1,26       25,3       1,22      17445       8978        448       8365        164        556         52          0
 83      23445       6257          0      19332          0        965      56,51       1,26       25,3       1,21      17547       8997        450       8382        164        529         49          0
 84      23329       5975          0      19709          0        985      56,52       1,26       25,4       1,19      17645       9015        451       8398        164        507         48          0
 85      23219       5708          0      20066          0       1004      56,53       1,25       25,4       1,18      17737       9032        453       8414        164        485         46          0
 86      23113       5458          0      20406          0       1020      56,54       1,25       25,4       1,17      17825       9050        455       8430        164        465         45          0
 87      23011       5214          0      20736          0       1036      56,55       1,25       25,4       1,16      17909       9068        458       8445        164        443         43          0
 88      22913       4977          0      21057          0       1051      56,56       1,25       25,5       1,15      17989       9086        460       8461        164        421         41          0
 89      22822       4745          0      21365          0       1066      56,57       1,25       25,5       1,14      18065       9101        459       8478        164        401         38          0
 90      22734       4536          0      21650          0       1078      56,58       1,25       25,5       1,14      18136       9118        459       8495        164        386         37          0
 91      22648       4327          0      21932          0       1091      56,59       1,24       25,5       1,13      18206       9135        457       8512        164        368         35          0
 92      22569       4116          0      22209          0       1104      56,60       1,24       25,5       1,12      18271       9149        454       8530        164        352         34          0
 93      22492       3931          0      22459          0       1115      56,61       1,24       25,6       1,11      18332       9165        453       8546        164        338         33          0
 94      22417       3747          0      22708          0       1125      56,62       1,24       25,6       1,11      18391       9180        451       8564        164        322         31          0
 95      22348       3567          0      22949          0       1135      56,63       1,24       25,6       1,10      18446       9195        448       8582        164        307         30          0
 96      22280       3410          0      23165          0       1143      56,64       1,24       25,6       1,09      18498       9210        445       8600        164        295         29          0
 97      22217       3252          0      23380          0       1150      56,65       1,24       25,6       1,09      18549       9223        439       8618        164        283         28          0
 98      22160       3091          0      23589          0       1157      56,66       1,24       25,7       1,08      18594       9234        432       8637        164        270         27          0
 99      22103       2948          0      23783          0       1164      56,67       1,24       25,7       1,08      18639       9247        427       8655        164        259         26          0
100      22049       2809          0      23970          0       1171      56,68       1,24       25,7       1,07      18681       9258        421       8672        164        248         24          0
101      22000       2676          0      24145          0       1178      56,69       1,23       25,7       1,07      18720       9269        413       8691        164        236         22          0
102      21953       2548          0      24314          0       1184      56,70       1,23       25,7       1,07      18756       9280        405       8709        164        225         21          0
103      21908       2432          0      24470          0       1188      56,71       1,23       25,7       1,06      18792       9289        397       8726        164        217         20          0
104      21864       2325          0      24617          0       1192      56,72       1,23       25,7       1,06      18827       9298        389       8743        164        207         19          0
105      21822       2218          0      24762          0       1197      56,73       1,23       25,7       1,06      18860       9307        381       8761        164        198         18          0
106      21781       2116          0      24900          0       1201      56,74       1,23       25,7       1,06      18890       9317        373       8779        164        188         18          0
107      21742       2019          0      25031          0       1206      56,75       1,23       25,7       1,05      18920       9326        364       8796        164        179         17          0
108      21706       1923          0      25160          0       1210      56,76       1,23       25,7       1,05      18950       9333        354       8813        164        170         16          0
109      21670       1832          0      25283          0       1213      56,77       1,23       25,8       1,05      18978       9340        344       8831        164        163         15          0
110      21635       1751          0      25396          0       1216      56,78       1,23       25,8       1,05      19005       9348        335       8847        164        155         14          0
111      21603       1669          0      25507          0       1219      56,79       1,23       25,8       1,04      19031       9354        324       8865        164        146         13          0
112      21572       1591          0      25612          0       1223      56,80       1,23       25,8       1,04      19057       9360        314       8881        164        139         13          0
113      21544       1516          0      25713          0       1226      56,81       1,23       25,8       1,04      19079       9366        304       8897        164        133         12          0
114      21517       1443          0      25809          0       1228      56,81       1,23       25,8       1,04      19100       9371        292       8914        164        126         11          0
115      21494       1374          0      25900          0       1230      56,82       1,23       25,8       1,03      19119       9376        281       8930        164        119         11          0
116      21470       1307          0      25988          0       1233      56,83       1,23       25,8       1,03      19137       9381        270       8946        164        115         10          0
117      21447       1247          0      26070          0       1235      56,84       1,23       25,8       1,03      19156       9386        258       8963        164        111         10          0
118      21422       1189          0      26151          0       1237      56,85       1,22       25,8       1,03      19176       9391        247       8979        164        106         10          0
119      21402       1133          0      26224          0       1240      56,86       1,22       25,8       1,03      19191       9396        237       8994        164        100          9          0
120      21382       1079          0      26296          0       1241      56,86       1,22       25,8       1,03      19207       9400        226       9009        164         96          9          0
121      21361       1029          0      26365          0       1243      56,87       1,22       25,8       1,03      19225       9403        215       9023        164         91          9          0
122      21341        980          0      26433          0       1245      56,88       1,22       25,8       1,02      19241       9407        205       9036        164         87          8          0
123      21324        933          0      26494          0       1246      56,89       1,22       25,8       1,02      19254       9410        197       9048        164         82          8          0
124      21308        890          0      26553          0       1247      56,90       1,22       25,8       1,02      19267       9413        186       9061        164         78          8          0
125      21293        846          0      26611          0       1248      56,90       1,22       25,8       1,02      19280       9416        177       9074        164         75          7          0
126      21276        806          0      26667          0       1250      56,91       1,22       25,8       1,02      19294       9419        167       9086        164         72          7          0
127      21261        768          0      26719          0       1251      56,92       1,22       25,8       1,02      19306       9422        159       9097        164         69          7          0
128      21247        733          0      26767          0       1252      56,93       1,22       25,8       1,02      19318       9424        151       9107        164         65          7          0
129      21234        699          0      26812          0       1253      56,93       1,22       25,8       1,02      19328       9426        143       9117        164         61          6          0
130      21221        668          0      26855          0       1254      56,94       1,22       25,8       1,02      19339       9429        137       9126        164         59          6          0
131      21209        639          0      26896          0       1255      56,95       1,22       25,8       1,01      19349       9431        130       9136        164         56          6          0
132      21199        607          0      26937          0       1256      56,96       1,22       25,8       1,01      19357       9432        123       9144        164         53          5          0
133      21189        577          0      26975          0       1257      56,96       1,22       25,8       1,01      19365       9434        116       9153        164         52          5          0
134      21179        550          0      27012          0       1257      56,97       1,22       25,8       1,01      19373       9436        110       9161        164         49          5          0
135      21170        523          0      27048          0       1258      56,98       1,22       25,8       1,01      19381       9438        104       9168        164         46          4          0
136      21161        497          0      27082          0       1259      56,98       1,22       25,8       1,01      19388       9440         98       9176        164         44          4          0
137      21152        472          0      27115          0       1259      56,99       1,22       25,8       1,01      19395       9441         92       9184        164         42          4          0
138      21144        447          0      27146          0       1260      57,00       1,22       25,8       1,01      19402       9443         87       9191        164         40          4          0
139      21137        428          0      27172          0       1261      57,01       1,22       25,8       1,01      19408       9444         83       9196        164         38          4          0
140      21129        406          0      27202          0       1262      57,01       1,22       25,8       1,01      19414       9446         78       9203        164         36          4          0
141      21122        385          0      27228          0       1263      57,02       1,22       25,8       1,01      19420       9447         73       9208        164         34          3          0
142      21116        366          0      27253          0       1263      57,03       1,22       25,9       1,01      19425       9448         69       9213        164         32          3          0
143      21109        349          0      27276          0       1264      57,03       1,22       25,9       1,01      19431       9449         65       9218        164         30          3          0
144      21104        331          0      27299          0       1265      57,04       1,22       25,9       1,01      19436       9450         61       9223        164         29          3          0
145      21098        316          0      27319          0       1265      57,05       1,22       25,9       1,01      19440       9450         58       9227        164         28          2          0
146      21092        300          0      27340          0       1266      57,05       1,22       25,9       1,01      19445       9451         55       9231        164         27          2          0
147      21087        285          0      27359          0       1266      57,06       1,22       25,9       1,01      19449       9452         51       9236        164         25          2          0
148      21082        271          0      27378          0       1267      57,07       1,22       25,9       1,01      19454       9453         48       9239        164         24          2          0
149      21076        258          0      27397          0       1267      57,07       1,22       25,9       1,01      19459       9454         46       9243        164         23          2          0
150      21072        245          0      27414          0       1267      57,08       1,22       25,9       1,01      19462       9455         43       9246        164         22          1          0
--- ---------- ---------- ---------- ---------- ---------- ---------- ---------- ---------- ---------- ---------- ---------- ---------- ---------- ---------- ---------- ---------- ---------- ----------
Día     Sanos  Infectados Importados    Curados Desinmuniz    Muertos     Ida     críticos  infectados         R0   Cercania   Clusters Infectados    Curados    Muertos   Enfermos Hospitaliz  Ambiental

