Fichero                                                      Desv.Media
------------------------------------------------------------ ---------- --
C:\Contagio\SR50b\s001.log                                       133,97 ok
C:\Contagio\SR50b\s002.log                                        94,76 ok
C:\Contagio\SR50b\s003.log                                        51,93 ok
C:\Contagio\SR50b\s004.log                                       430,11 
C:\Contagio\SR50b\s005.log                                       272,16 
C:\Contagio\SR50b\s006.log                                        70,08 ok
C:\Contagio\SR50b\s007.log                                        80,93 ok
C:\Contagio\SR50b\s008.log                                        78,58 ok
C:\Contagio\SR50b\s009.log                                        71,56 ok
C:\Contagio\SR50b\s010.log                                       202,54 ok
C:\Contagio\SR50b\s011.log                                       107,18 ok
C:\Contagio\SR50b\s012.log                                        71,79 ok
C:\Contagio\SR50b\s013.log                                        54,86 ok
C:\Contagio\SR50b\s014.log                                        88,04 ok
C:\Contagio\SR50b\s015.log                                        96,28 ok
C:\Contagio\SR50b\s016.log                                       555,33 
C:\Contagio\SR50b\s017.log                                        60,72 ok
C:\Contagio\SR50b\s018.log                                        77,42 ok
C:\Contagio\SR50b\s019.log                                        73,60 ok
C:\Contagio\SR50b\s020.log                                        79,07 ok
C:\Contagio\SR50b\s021.log                                        93,94 ok
C:\Contagio\SR50b\s022.log                                        69,90 ok
C:\Contagio\SR50b\s023.log                                       114,50 ok
C:\Contagio\SR50b\s024.log                                        66,49 ok
C:\Contagio\SR50b\s025.log                                        69,42 ok
C:\Contagio\SR50b\s026.log                                       516,93 
C:\Contagio\SR50b\s027.log                                       127,97 ok
C:\Contagio\SR50b\s028.log                                        89,72 ok
C:\Contagio\SR50b\s029.log                                        55,82 ok
C:\Contagio\SR50b\s030.log                                        58,84 ok
C:\Contagio\SR50b\s031.log                                        63,03 ok
C:\Contagio\SR50b\s032.log                                        62,33 ok
C:\Contagio\SR50b\s033.log                                       270,27 
C:\Contagio\SR50b\s034.log                                        81,56 ok
------------------------------------------------------------ ---------- --
                                           2 x     132,11  =     264,22
------------------------------------------------------------ ---------- --

                                                                       Recorrido  Contactos Media días            ------ Afectados ---- ----------  Clusters -----------
Día     Sanos  Infectados Importados    Curados Desinmuniz    Muertos     Ida     críticos  infectados         R0   Cercania   Clusters Infectados    Curados    Muertos   Enfermos Hospitaliz  Ambiental
--- ---------- ---------- ---------- ---------- ---------- ---------- ---------- ---------- ---------- ---------- ---------- ---------- ---------- ---------- ---------- ---------- ---------- ----------
  1      49990         10          0          0          0          0      56,37       0,00        0,0       0,00          0          0          0          0          0          0          0          0
  2      49990         10          0          0          0          0      56,37       0,00        0,0       0,00          0          0          0          0          0          0          0          0
  3      49990         10          0          0          0          0      56,36       0,00        0,0       0,00          0          0          0          0          0          0          0          0
  4      49982         17          0          0          0          0      56,35       0,42        0,0       0,00          0          6          6          0          0          0          0          0
  5      49977         22          0          0          0          0      56,35       0,54        0,0       0,00          1         11         11          0          0          0          0          0
  6      49972         27          0          0          0          0      56,35       0,66        0,0       0,00          2         14         14          0          0          0          0          0
  7      49960         39          0          0          0          0      56,35       0,72        0,0       0,00          3         25         25          0          0         10          0          0
  8      49947         52          0          0          0          0      56,35       0,83        0,0       0,00          5         37         37          0          0         10          0          0
  9      49930         69          0          0          0          0      56,35       0,89        0,8       0,59          7         52         52          0          0          9          0          0
 10      49900         99          0          0          0          0      56,34       0,91        1,3       0,66         10         78         78          0          0         17          1          0
 11      49867        132          0          0          0          0      56,34       0,92        1,4       0,45         14        107        107          0          0         22          2          0
 12      49834        164          0          0          0          0      56,34       0,94        3,0       0,59         19        135        135          0          0         27          2          0
 13      49794        204          0          0          0          0      56,35       0,99        5,2       1,41         27        167        167          0          0         39          3          0
 14      49757        241          0          0          0          0      56,35       1,06        6,3       1,87         36        195        195          0          0         51          5          0
 15      49719        279          0          1          0          0      56,35       1,14        7,4       2,13         49        221        220          0          0         68          6          0
 16      49677        320          0          1          0          0      56,35       1,20        9,1       1,81         64        247        246          0          0         97          9          0
 17      49632        364          0          2          0          0      56,34       1,27       10,5       2,22         81        275        274          1          0        129         12          0
 18      49574        421          0          3          0          0      56,35       1,31       11,4       2,53         96        318        316          1          0        161         15          0
 19      49506        488          0          4          0          0      56,35       1,33       11,7       2,16        113        370        367          2          0        200         19          0
 20      49432        561          0          5          0          0      56,35       1,36       11,9       2,07        131        426        423          3          0        236         22          0
 21      49347        644          0          7          0          0      56,35       1,38       12,1       2,03        152        489        484          4          0        273         25          0
 22      49255        735          0          9          0          0      56,35       1,40       12,3       2,02        176        558        552          5          0        312         30          0
 23      49152        835          0         12          0          0      56,35       1,41       12,9       1,90        203        634        625          8          0        354         34          0
 24      49035        948          0         15          0          0      56,35       1,43       13,4       1,98        233        720        709         10          0        409         40          0
 25      48899       1080          0         19          0          0      56,35       1,45       13,9       2,02        269        821        807         13          0        472         47          0
 26      48742       1232          0         24          0          0      56,34       1,45       14,2       1,97        309        938        920         17          0        542         54          0
 27      48573       1393          0         31          0          1      56,34       1,47       14,7       2,05        353       1062       1039         22          0        619         61          0
 28      48393       1566          0         38          0          1      56,34       1,47       15,1       2,04        402       1193       1164         28          0        704         70          0
 29      48188       1762          0         47          0          1      56,34       1,48       15,5       2,11        458       1342       1306         34          0        799         79          0
 30      47966       1974          0         56          0          2      56,34       1,49       15,8       2,12        524       1499       1455         42          1        905         89          0
 31      47720       2206          0         69          0          3      56,34       1,49       16,2       2,08        598       1670       1616         52          1       1027        101          0
 32      47462       2446          0         87          0          3      56,34       1,50       17,1       2,07        676       1851       1785         63          2       1166        114          0
 33      47185       2707          0        101          0          5      56,34       1,50       17,3       2,04        762       2041       1963         74          3       1319        129          0
 34      46874       2998          0        120          0          6      56,34       1,51       17,5       2,04        853       2261       2167         89          3       1479        145          0
 35      46547       3301          0        143          0          7      56,34       1,52       17,8       2,06        959       2482       2370        107          4       1660        162          0
 36      46214       3607          0        168          0          9      56,35       1,52       18,2       2,06       1070       2705       2571        128          5       1855        182          0
 37      45842       3947          0        198          0         11      56,34       1,53       18,4       2,02       1197       2950       2791        150          7       2069        201          0
 38      45452       4300          0        233          0         13      56,35       1,54       18,7       1,99       1327       3209       3022        178          8       2291        221          0
 39      45042       4670          0        271          0         15      56,35       1,54       19,0       1,98       1469       3478       3260        207          9       2527        244          0
 40      44624       5041          0        316          0         18      56,35       1,55       19,3       1,93       1619       3746       3493        241         11       2791        269          0
 41      44158       5450          0        369          0         21      56,35       1,56       19,6       1,90       1779       4051       3755        283         13       3062        296          0
 42      43686       5860          0        428          0         25      56,35       1,56       19,8       1,88       1952       4351       4007        328         15       3332        323          0
 43      43192       6283          0        493          0         29      56,35       1,56       20,0       1,85       2130       4666       4270        378         18       3634        352          0
 44      42682       6717          0        565          0         33      56,35       1,57       20,1       1,83       2321       4986       4534        431         20       3948        385          0
 45      42175       7140          0        643          0         39      56,35       1,57       20,2       1,82       2520       5293       4781        487         24       4274        418          0
 46      41673       7550          0        730          0         45      56,35       1,57       20,3       1,81       2724       5591       5014        549         28       4600        453          0
 47      41172       7951          0        823          0         51      56,35       1,57       20,5       1,81       2941       5876       5227        616         31       4966        488          0
 48      40682       8331          0        927          0         58      56,35       1,58       20,6       1,80       3159       6147       5421        689         36       5328        525          0
 49      40198       8691          0       1043          0         66      56,36       1,58       20,7       1,79       3385       6406       5591        774         40       5697        563          0
 50      39732       9022          0       1169          0         74      56,36       1,58       20,8       1,77       3610       6646       5735        865         45       6073        603          0
 51      39291       9308          0       1315          0         84      56,36       1,58       21,0       1,74       3832       6865       5844        971         50       6425        639          0
 52      38856       9580          0       1468          0         94      56,36       1,58       21,1       1,73       4056       7077       5941       1079         56       6764        673          0
 53      38440       9814          0       1640          0        104      56,36       1,59       21,3       1,72       4275       7273       6006       1205         61       7083        706          0
 54      38048      10010          0       1824          0        115      56,36       1,59       21,4       1,71       4491       7449       6045       1337         66       7378        736          0
 55      37666      10184          0       2023          0        126      56,37       1,59       21,5       1,69       4710       7613       6064       1477         71       7652        766          0
 56      37310      10311          0       2240          0        136      56,37       1,59       21,7       1,68       4921       7758       6052       1630         75       7889        790          0
 57      36980      10390          0       2479          0        148      56,37       1,59       21,8       1,66       5122       7886       6007       1798         80       8080        810          0
 58      36666      10437          0       2734          0        160      56,37       1,59       22,0       1,64       5324       7998       5936       1976         85       8249        827          0
 59      36375      10447          0       3003          0        174      56,38       1,59       22,1       1,62       5522       8091       5841       2160         90       8382        839          0
 60      36108      10411          0       3291          0        187      56,38       1,60       22,3       1,60       5712       8169       5714       2359         95       8472        848          0
 61      35858      10337          0       3600          0        202      56,38       1,60       22,4       1,58       5894       8236       5565       2569        100       8530        855          0
 62      35628      10230          0       3922          0        217      56,38       1,60       22,6       1,57       6071       8289       5397       2787        105       8549        860          0
 63      35422      10084          0       4260          0        233      56,39       1,60       22,8       1,54       6236       8330       5207       3013        109       8526        857          0
 64      35231       9907          0       4609          0        250      56,39       1,60       22,9       1,52       6394       8363       5003       3245        114       8473        851          0
 65      35051       9702          0       4979          0        266      56,40       1,60       23,1       1,50       6548       8389       4779       3490        119       8379        843          0
 66      34885       9468          0       5361          0        284      56,40       1,60       23,2       1,48       6690       8413       4550       3740        122       8245        826          0
 67      34730       9214          0       5752          0        302      56,40       1,61       23,3       1,46       6827       8432       4315       3989        127       8086        810          0
 68      34590       8933          0       6154          0        321      56,41       1,61       23,5       1,44       6953       8446       4073       4242        130       7895        790          0
 69      34454       8637          0       6568          0        339      56,41       1,61       23,6       1,43       7079       8456       3822       4500        133       7669        766          0
 70      34333       8316          0       6990          0        358      56,41       1,61       23,8       1,41       7189       8466       3569       4760        136       7418        740          0
 71      34222       7983          0       7415          0        378      56,42       1,61       23,9       1,40       7293       8473       3315       5018        139       7154        714          0
 72      34111       7642          0       7848          0        397      56,42       1,61       24,0       1,38       7398       8479       3058       5279        141       6867        684          0
 73      34010       7297          0       8274          0        416      56,43       1,61       24,2       1,36       7494       8484       2809       5531        143       6578        653          0
 74      33917       6934          0       8709          0        438      56,43       1,61       24,3       1,34       7582       8490       2555       5788        146       6261        621          0
 75      33830       6569          0       9142          0        456      56,43       1,61       24,4       1,32       7665       8494       2310       6036        147       5946        589          0
 76      33750       6207          0       9563          0        478      56,44       1,61       24,5       1,30       7741       8497       2078       6269        149       5624        555          0
 77      33672       5856          0       9973          0        498      56,44       1,61       24,6       1,28       7817       8500       1857       6492        150       5305        526          0
 78      33602       5507          0      10371          0        518      56,45       1,61       24,7       1,27       7883       8504       1651       6700        152       4999        495          0
 79      33536       5167          0      10758          0        537      56,45       1,61       24,8       1,25       7946       8507       1460       6893        153       4694        464          0
 80      33476       4836          0      11130          0        556      56,46       1,61       24,9       1,23       8003       8509       1281       7074        154       4395        434          0
 81      33419       4521          0      11481          0        577      56,46       1,61       25,0       1,22       8057       8513       1119       7238        155       4110        404          0
 82      33364       4226          0      11813          0        595      56,47       1,61       25,1       1,20       8109       8516        975       7385        156       3840        376          0
 83      33314       3943          0      12129          0        613      56,47       1,61       25,1       1,19       8156       8519        841       7521        157       3585        350          0
 84      33271       3666          0      12430          0        631      56,48       1,61       25,2       1,18       8196       8521        720       7643        158       3335        326          0
 85      33229       3408          0      12712          0        648      56,48       1,62       25,3       1,16       8235       8524        614       7751        158       3101        303          0
 86      33191       3160          0      12982          0        665      56,49       1,62       25,3       1,15       8271       8527        517       7850        159       2875        281          0
 87      33156       2932          0      13227          0        683      56,49       1,62       25,4       1,14       8303       8529        435       7934        159       2669        259          0
 88      33123       2723          0      13454          0        698      56,50       1,62       25,4       1,13       8333       8532        365       8007        160       2482        241          0
 89      33092       2527          0      13667          0        712      56,51       1,61       25,5       1,12       8362       8535        304       8069        160       2305        224          0
 90      33063       2349          0      13860          0        727      56,51       1,61       25,5       1,11       8389       8537        258       8117        161       2141        208          0
 91      33035       2182          0      14042          0        739      56,52       1,61       25,5       1,10       8414       8540        218       8160        161       1987        193          0
 92      33010       2023          0      14214          0        752      56,53       1,61       25,6       1,09       8437       8542        183       8197        161       1842        178          0
 93      32986       1881          0      14368          0        763      56,53       1,61       25,6       1,09       8457       8545        158       8225        161       1711        166          0
 94      32964       1747          0      14511          0        776      56,54       1,61       25,6       1,08       8477       8547        137       8248        162       1589        155          0
 95      32944       1625          0      14642          0        786      56,55       1,61       25,6       1,07       8495       8550        121       8267        162       1478        144          0
 96      32923       1514          0      14765          0        797      56,55       1,61       25,7       1,07       8513       8553        108       8282        162       1374        134          0
 97      32905       1408          0      14879          0        806      56,56       1,61       25,7       1,06       8528       8555         97       8295        162       1278        124          0
 98      32888       1309          0      14987          0        814      56,57       1,61       25,7       1,06       8543       8557         88       8306        162       1188        116          0
 99      32873       1220          0      15083          0        823      56,58       1,61       25,7       1,05       8556       8560         83       8313        162       1106        107          0
100      32859       1132          0      15177          0        831      56,58       1,61       25,7       1,05       8568       8562         79       8320        162       1026         99          0
101      32844       1053          0      15263          0        838      56,59       1,61       25,7       1,05       8580       8564         76       8326        162        953         91          0
102      32831        983          0      15341          0        844      56,60       1,61       25,7       1,04       8591       8567         73       8331        162        891         86          0
103      32816        918          0      15414          0        850      56,61       1,61       25,7       1,04       8602       8570         71       8335        162        829         80          0
104      32805        853          0      15484          0        855      56,61       1,61       25,8       1,04       8612       8572         68       8340        162        770         74          0
105      32793        797          0      15548          0        860      56,62       1,61       25,8       1,03       8621       8574         67       8344        162        717         68          0
106      32783        743          0      15607          0        865      56,63       1,61       25,8       1,03       8629       8576         66       8347        162        667         64          0
107      32773        694          0      15663          0        868      56,64       1,61       25,8       1,03       8637       8579         65       8350        162        622         59          0
108      32764        646          0      15716          0        872      56,64       1,61       25,8       1,03       8644       8580         64       8353        162        579         55          0
109      32755        602          0      15764          0        876      56,65       1,61       25,8       1,02       8651       8582         63       8356        162        541         51          0
110      32747        562          0      15809          0        880      56,66       1,61       25,8       1,02       8657       8584         61       8359        162        504         48          0
111      32740        526          0      15850          0        883      56,67       1,61       25,8       1,02       8663       8586         61       8362        162        472         44          0
112      32733        492          0      15888          0        885      56,67       1,61       25,8       1,02       8668       8587         59       8364        162        441         42          0
113      32726        461          0      15924          0        888      56,68       1,61       25,8       1,02       8674       8589         59       8367        162        414         39          0
114      32719        429          0      15959          0        891      56,69       1,61       25,8       1,02       8678       8591         58       8370        162        384         37          0
115      32713        403          0      15989          0        893      56,69       1,61       25,8       1,01       8683       8593         58       8372        162        360         34          0
116      32707        378          0      16018          0        895      56,70       1,61       25,8       1,01       8687       8595         58       8374        162        337         32          0
117      32700        356          0      16044          0        898      56,71       1,61       25,8       1,01       8691       8597         57       8377        162        317         30          0
118      32695        334          0      16068          0        900      56,72       1,61       25,8       1,01       8695       8599         56       8379        162        297         28          0
119      32690        315          0      16092          0        902      56,72       1,61       25,8       1,01       8698       8601         55       8382        162        279         26          0
120      32685        297          0      16113          0        904      56,73       1,61       25,8       1,01       8701       8603         55       8385        162        262         25          0
--- ---------- ---------- ---------- ---------- ---------- ---------- ---------- ---------- ---------- ---------- ---------- ---------- ---------- ---------- ---------- ---------- ---------- ----------
Día     Sanos  Infectados Importados    Curados Desinmuniz    Muertos     Ida     críticos  infectados         R0   Cercania   Clusters Infectados    Curados    Muertos   Enfermos Hospitaliz  Ambiental

