Fichero                                                      Desv.Media Ser
------------------------------------------------------------ ---------- --- --
F:\Contagio\50_gi\s001.log                                       104,42   1 ok
F:\Contagio\50_gi\s002.log                                        38,05   1 ok
F:\Contagio\50_gi\s003.log                                       110,20   1 ok
F:\Contagio\50_gi\s004.log                                       114,36   1 ok
F:\Contagio\50_gi\s005.log                                        82,14   1 ok
F:\Contagio\50_gi\s006.log                                        57,42   1 ok
F:\Contagio\50_gi\s007.log                                       177,81   1 ok
F:\Contagio\50_gi\s008.log                                        89,33   1 ok
F:\Contagio\50_gi\s009.log                                        59,41   1 ok
F:\Contagio\50_gi\s010.log                                       262,14   1 
F:\Contagio\50_gi\s011.log                                       122,77   1 ok
F:\Contagio\50_gi\s012.log                                        55,76   1 ok
F:\Contagio\50_gi\s013.log                                        71,75   1 ok
F:\Contagio\50_gi\s014.log                                        87,34   1 ok
F:\Contagio\50_gi\s015.log                                        69,74   1 ok
F:\Contagio\50_gi\s016.log                                        69,19   1 ok
F:\Contagio\50_gi\s017.log                                        76,36   1 ok
F:\Contagio\50_gi\s018.log                                        47,62   1 ok
F:\Contagio\50_gi\s019.log                                        80,76   1 ok
F:\Contagio\50_gi\s020.log                                       162,39   1 ok
F:\Contagio\50_gi\s021.log                                        51,69   1 ok
F:\Contagio\50_gi\s022.log                                        37,55   1 ok
F:\Contagio\50_gi\s023.log                                       358,58   1 
F:\Contagio\50_gi\s024.log                                        43,69   1 ok
F:\Contagio\50_gi\s025.log                                        62,88   1 ok
F:\Contagio\50_gi\s026.log                                       135,59   1 ok
F:\Contagio\50_gi\s027.log                                        88,78   1 ok
F:\Contagio\50_gi\s028.log                                       504,44   1 
F:\Contagio\50_gi\s029.log                                        63,65   1 ok
F:\Contagio\50_gi\s030.log                                        79,42   1 ok
------------------------------------------------------------ ---------- --- --
                                           2 x     112,17  =     224,35
------------------------------------------------------------ ---------- --- --

                                                                       Recorrido  Contactos Media días            ------ Afectados ---- ----------  Clusters -----------                                  -----------------  GRAVES -----------------
Día     Sanos  Infectados Importados    Curados Desinmuniz    Muertos     Ida     críticos  infectados         R0   Cercania   Clusters Infectados    Curados    Muertos Indirectos   Enfermos Hospitaliz Infectados    Curados    Muertos         R0
--- ---------- ---------- ---------- ---------- ---------- ---------- ---------- ---------- ---------- ---------- ---------- ---------- ---------- ---------- ---------- ---------- ---------- ---------- ---------- ---------- ---------- ----------
  1      49990         10          0          0          0          0      53,98       0,00        0,0       0,00          0          0          0          0          0          0          0          0         10          0          0       0,00
  2      49990         10          0          0          0          0      53,98       0,00        0,0       0,00          0          0          0          0          0          0          0          0         10          0          0       0,00
  3      49990         10          0          0          0          0      53,98       0,00        0,0       0,00          0          0          0          0          0          0          0          0         10          0          0       0,00
  4      49978         21          0          0          0          0      53,98       0,45        0,0       0,00          1         10         10          0          0          0          0          0         21          0          0       0,00
  5      49973         26          0          0          0          0      53,99       0,58        0,0       0,00          1         14         14          0          0          0          0          0         26          0          0       0,00
  6      49969         30          0          0          0          0      53,99       0,65        0,0       0,00          3         17         17          0          0          0          0          0         30          0          0       0,00
  7      49955         44          0          0          0          0      53,99       0,75        0,0       0,00          5         29         29          0          0          0          0          0         44          0          0       0,00
  8      49936         63          0          0          0          0      53,99       0,79        0,3       0,00          7         45         45          0          0          0          0          0         63          0          0       0,00
  9      49916         83          0          0          0          0      53,99       0,82        0,9       0,37         10         63         63          0          0          0          0          0         83          0          0       0,00
 10      49879        120          0          0          0          0      53,99       0,85        0,9       0,37         14         96         96          0          0          0          0          0        120          0          0       0,00
 11      49835        164          0          0          0          0      53,99       0,87        1,2       0,81         20        134        134          0          0          0         11          1        164          0          0       0,00
 12      49791        207          0          0          0          0      53,99       0,87        1,5       1,11         27        170        170          0          0          0         16          1        208          0          0       0,30
 13      49740        258          0          0          0          0      53,99       0,92        2,2       1,78         39        209        209          0          0          0         20          1        259          0          0       0,41
 14      49688        310          0          0          0          0      53,99       0,98        2,5       1,85         53        247        247          0          0          0         34          3        311          0          0       0,48
 15      49625        373          0          0          0          0      53,99       1,04        4,5       3,01         69        294        294          0          0          0         53          4        374          0          0       0,56
 16      49552        446          0          1          0          0      53,99       1,09        7,8       3,73         90        346        346          0          0          0         73          6        446          0          0       1,30
 17      49477        520          0          1          0          0      53,99       1,12        9,1       4,03        114        398        397          0          0          0        109         10        521          0          0       1,65
 18      49395        601          0          2          0          0      53,99       1,16        9,7       2,94        141        452        450          1          0          0        153         14        602          1          0       1,57
 19      49278        717          0          3          0          0      53,99       1,19       11,8       2,90        174        536        534          2          0          0        195         18        718          2          0       1,92
 20      49154        839          0          5          0          0      53,99       1,22       12,1       3,42        210        625        621          3          0          0        245         23        841          3          0       3,09
 21      49021        971          0          6          0          0      53,99       1,23       12,4       3,26        250        718        714          4          0          0        296         28        973          4          0       2,89
 22      48864       1125          0          8          0          0      53,99       1,25       12,8       3,17        294        830        824          5          0          0        357         34       1127          6          0       2,83
 23      48693       1293          0         11          0          1      53,99       1,26       13,0       3,04        347        949        940          7          1          0        427         40       1296          9          1       2,89
 24      48499       1483          0         15          0          1      53,99       1,28       13,2       2,97        405       1085       1073         10          1          0        498         46       1486         12          1       2,80
 25      48288       1688          0         20          0          2      53,99       1,29       13,7       3,08        470       1230       1214         14          1          0        575         54       1691         17          2       2,98
 26      48042       1926          0         27          0          2      53,99       1,30       14,2       2,86        546       1400       1378         19          2          0        685         64       1930         23          2       2,73
 27      47769       2191          0         35          0          4      53,99       1,30       14,6       2,65        632       1588       1560         25          2          0        801         76       2195         30          4       2,49
 28      47467       2483          0         44          0          5      53,99       1,31       14,8       2,45        724       1798       1762         32          3          0        924         89       2488         39          5       2,27
 29      47143       2794          0         55          0          6      53,99       1,32       15,1       2,31        832       2014       1968         41          4          0       1068        102       2799         50          6       2,11
 30      46781       3140          0         68          0          8      53,99       1,33       15,4       2,28        950       2257       2199         52          5          0       1225        118       3146         63          8       2,10
 31      46416       3487          0         85          0         10      53,99       1,34       15,8       2,24       1082       2490       2418         64          7          0       1401        136       3493         79         10       2,09
 32      46004       3875          0        107          0         13      53,99       1,34       16,5       2,29       1228       2757       2669         78          9          0       1591        156       3885         97         13       2,06
 33      45577       4276          0        129          0         16      53,99       1,36       16,7       2,28       1386       3026       2918         95         11          0       1812        178       4286        119         16       2,09
 34      45108       4717          0        154          0         20      53,99       1,37       16,8       2,28       1563       3318       3189        114         13          0       2057        203       4727        144         20       2,13
 35      44615       5169          0        188          0         26      53,99       1,37       17,3       2,22       1753       3621       3461        141         18          0       2319        230       5179        178         26       2,10
 36      44093       5651          0        224          0         31      53,99       1,38       17,5       2,20       1958       3938       3748        168         21          0       2602        258       5661        214         31       2,09
 37      43551       6146          0        264          0         36      53,99       1,39       17,7       2,16       2175       4263       4038        199         24          0       2918        290       6156        254         36       2,07
 38      42980       6660          0        314          0         43      53,99       1,40       18,0       2,16       2405       4604       4337        236         29          0       3226        322       6670        304         43       2,08
 39      42388       7189          0        370          0         51      53,99       1,40       18,3       2,17       2646       4954       4641        278         34          0       3575        359       7199        360         51       2,10
 40      41781       7724          0        432          0         60      54,00       1,40       18,6       2,14       2906       5301       4936        325         39          0       3930        393       7734        422         60       2,09
 41      41164       8258          0        506          0         70      54,00       1,41       18,9       2,10       3178       5646       5219        380         46          0       4316        432       8268        496         70       2,05
 42      40545       8778          0        592          0         82      54,00       1,41       19,2       2,04       3459       5984       5486        444         52          0       4711        473       8788        582         82       2,00
 43      39928       9289          0        686          0         95      54,00       1,42       19,4       2,02       3754       6307       5734        512         60          0       5127        515       9299        676         95       1,99
 44      39333       9764          0        791          0        109      54,00       1,42       19,6       2,01       4049       6607       5952        587         67          0       5548        556       9774        781        109       1,98
 45      38755      10213          0        905          0        126      54,01       1,42       19,8       1,98       4348       6886       6143        666         76          0       5990        601      10223        895        126       1,95
 46      38194      10628          0       1033          0        144      54,01       1,43       20,0       1,95       4656       7139       6296        755         87          0       6436        649      10638       1023        144       1,93
 47      37667      10993          0       1173          0        165      54,01       1,43       20,2       1,94       4959       7363       6411        853         99          0       6881        694      11003       1163        165       1,91
 48      37172      11312          0       1327          0        187      54,01       1,43       20,3       1,94       5262       7554       6484        959        110          0       7322        741      11322       1317        187       1,92
 49      36715      11575          0       1499          0        209      54,02       1,44       20,5       1,92       5557       7716       6516       1079        121          0       7746        783      11585       1489        209       1,90
 50      36291      11778          0       1693          0        235      54,02       1,44       20,7       1,90       5847       7850       6504       1212        133          0       8144        824      11788       1683        235       1,88
 51      35903      11927          0       1905          0        263      54,02       1,45       20,9       1,87       6131       7955       6450       1357        147          0       8499        860      11937       1895        263       1,85
 52      35549      12025          0       2132          0        292      54,03       1,45       21,1       1,84       6400       8039       6363       1513        161          0       8821        892      12035       2122        292       1,83
 53      35222      12072          0       2381          0        324      54,03       1,45       21,2       1,81       6659       8107       6249       1682        175          0       9102        919      12082       2371        324       1,80
 54      34919      12080          0       2645          0        355      54,04       1,46       21,4       1,78       6907       8163       6114       1860        188          0       9333        941      12090       2635        355       1,77
 55      34642      12031          0       2938          0        387      54,04       1,46       21,6       1,76       7140       8207       5946       2059        201          0       9503        956      12041       2928        387       1,75
 56      34383      11949          0       3247          0        420      54,05       1,47       21,8       1,73       7362       8244       5764       2266        213          0       9618        967      11959       3237        420       1,73
 57      34147      11814          0       3582          0        456      54,06       1,47       22,0       1,71       7569       8273       5559       2487        226          0       9671        975      11824       3572        456       1,70
 58      33927      11633          0       3945          0        492      54,06       1,47       22,2       1,68       7766       8296       5332       2725        237          0       9659        973      11643       3935        492       1,68
 59      33722      11419          0       4323          0        534      54,07       1,47       22,4       1,65       7953       8313       5090       2973        249          0       9593        966      11429       4313        534       1,65
 60      33530      11182          0       4710          0        575      54,08       1,48       22,6       1,63       8133       8326       4841       3224        260          0       9492        956      11192       4700        575       1,62
 61      33353      10907          0       5121          0        617      54,08       1,48       22,8       1,60       8299       8336       4578       3486        272          0       9343        940      10917       5111        617       1,60
 62      33189      10600          0       5546          0        664      54,09       1,48       22,9       1,58       8456       8344       4309       3752        281          0       9148        920      10610       5536        664       1,57
 63      33035      10263          0       5988          0        713      54,10       1,48       23,1       1,55       8603       8350       4032       4024        293          0       8916        896      10273       5978        713       1,54
 64      32892       9906          0       6441          0        759      54,10       1,48       23,3       1,52       8741       8356       3755       4299        301          0       8652        870       9916       6431        759       1,52
 65      32757       9524          0       6909          0        809      54,11       1,49       23,5       1,50       8871       8361       3476       4574        310          0       8354        840       9534       6899        809       1,49
 66      32631       9118          0       7390          0        859      54,12       1,49       23,6       1,47       8991       8366       3191       4857        318          0       8028        807       9128       7380        859       1,47
 67      32513       8702          0       7877          0        907      54,13       1,49       23,8       1,45       9105       8371       2908       5137        324          0       7685        774       8712       7867        907       1,44
 68      32406       8281          0       8354          0        958      54,14       1,49       23,9       1,42       9208       8375       2639       5404        330          0       7334        740       8291       8344        958       1,42
 69      32303       7841          0       8845          0       1010      54,15       1,49       24,1       1,40       9307       8379       2364       5678        336          0       6955        704       7851       8835       1010       1,40
 70      32207       7399          0       9330          0       1062      54,16       1,49       24,2       1,37       9399       8382       2098       5942        342          0       6571        663       7409       9320       1062       1,37
 71      32121       6963          0       9799          0       1115      54,17       1,49       24,4       1,35       9481       8386       1848       6191        347          0       6192        624       6973       9789       1115       1,34
 72      32040       6543          0      10249          0       1166      54,18       1,50       24,5       1,33       9559       8390       1618       6419        351          0       5827        588       6553      10239       1166       1,32
 73      31966       6107          0      10706          0       1219      54,19       1,50       24,7       1,30       9629       8393       1389       6648        355          0       5443        552       6117      10696       1219       1,30
 74      31898       5689          0      11139          0       1273      54,20       1,50       24,8       1,28       9695       8396       1186       6849        360          0       5074        513       5699      11129       1273       1,28
 75      31836       5295          0      11542          0       1325      54,21       1,50       24,9       1,26       9754       8399       1001       7031        366          0       4726        477       5305      11532       1325       1,26
 76      31778       4921          0      11923          0       1376      54,22       1,50       25,0       1,24       9808       8403        839       7193        369          0       4396        444       4931      11913       1376       1,24
 77      31724       4564          0      12281          0       1429      54,24       1,50       25,1       1,22       9859       8406        698       7334        372          0       4081        413       4574      12271       1429       1,22
 78      31675       4227          0      12619          0       1476      54,25       1,50       25,2       1,20       9904       8409        576       7457        375          0       3782        382       4237      12609       1476       1,20
 79      31628       3918          0      12930          0       1521      54,27       1,50       25,2       1,19       9948       8413        472       7562        377          0       3507        353       3928      12920       1521       1,18
 80      31588       3624          0      13218          0       1567      54,28       1,50       25,3       1,17       9985       8415        386       7650        379          0       3246        325       3634      13208       1567       1,17
 81      31549       3357          0      13481          0       1611      54,30       1,50       25,4       1,16      10021       8418        320       7718        380          0       3009        303       3367      13471       1611       1,16
 82      31511       3114          0      13722          0       1651      54,31       1,50       25,4       1,14      10056       8422        266       7773        381          0       2790        280       3124      13712       1651       1,14
 83      31478       2889          0      13943          0       1689      54,33       1,50       25,4       1,13      10086       8425        225       7817        382          0       2588        258       2899      13933       1689       1,13
 84      31445       2682          0      14145          0       1726      54,34       1,50       25,5       1,12      10115       8429        191       7854        383          0       2403        240       2692      14135       1726       1,12
 85      31416       2487          0      14336          0       1759      54,36       1,50       25,5       1,11      10140       8432        165       7883        383          0       2228        222       2497      14326       1759       1,11
 86      31389       2307          0      14513          0       1789      54,38       1,50       25,5       1,10      10165       8435        144       7906        384          0       2067        205       2317      14503       1789       1,10
 87      31364       2143          0      14674          0       1817      54,39       1,50       25,6       1,09      10188       8437        127       7926        384          0       1918        190       2153      14664       1817       1,09
 88      31341       1990          0      14824          0       1844      54,41       1,50       25,6       1,09      10208       8440        114       7940        384          0       1782        178       2000      14814       1844       1,08
 89      31316       1850          0      14962          0       1869      54,43       1,50       25,6       1,08      10229       8443        104       7954        384          0       1656        165       1860      14952       1869       1,08
 90      31296       1717          0      15092          0       1893      54,45       1,50       25,6       1,07      10247       8446         97       7963        385          0       1536        154       1727      15082       1893       1,07
 91      31276       1594          0      15212          0       1916      54,47       1,50       25,6       1,07      10264       8449         92       7971        385          0       1425        141       1604      15202       1916       1,07
 92      31257       1478          0      15327          0       1936      54,49       1,50       25,7       1,06      10280       8451         88       7977        385          0       1319        130       1488      15317       1936       1,06
 93      31240       1376          0      15427          0       1956      54,50       1,50       25,7       1,06      10295       8454         86       7982        385          0       1227        121       1386      15417       1956       1,06
 94      31224       1279          0      15522          0       1973      54,52       1,50       25,7       1,05      10308       8457         84       7987        385          0       1139        113       1289      15512       1973       1,05
 95      31208       1189          0      15613          0       1989      54,54       1,50       25,7       1,05      10321       8460         83       7991        385          0       1056        104       1199      15603       1989       1,05
 96      31194       1104          0      15697          0       2003      54,56       1,50       25,7       1,04      10332       8463         81       7995        385          0        982         96       1114      15687       2003       1,04
 97      31181       1026          0      15774          0       2017      54,58       1,50       25,7       1,04      10342       8465         80       7999        385          0        912         89       1036      15764       2017       1,04
 98      31168        953          0      15848          0       2029      54,60       1,50       25,7       1,04      10353       8467         78       8003        385          0        845         82        963      15838       2029       1,04
 99      31156        884          0      15917          0       2041      54,62       1,50       25,8       1,04      10363       8470         76       8007        385          0        783         76        894      15907       2041       1,03
100      31144        821          0      15982          0       2052      54,64       1,51       25,8       1,03      10372       8473         76       8011        385          0        725         70        831      15972       2052       1,03
101      31134        762          0      16039          0       2063      54,66       1,51       25,8       1,03      10379       8475         75       8014        385          0        672         65        772      16029       2063       1,03
102      31126        707          0      16093          0       2071      54,68       1,51       25,8       1,03      10385       8477         74       8017        385          0        626         60        717      16083       2071       1,03
103      31117        657          0      16145          0       2079      54,70       1,51       25,8       1,03      10392       8480         73       8020        385          0        579         56        667      16135       2079       1,02
104      31108        613          0      16190          0       2086      54,71       1,51       25,8       1,02      10399       8482         72       8023        385          0        540         53        623      16180       2086       1,02
105      31100        571          0      16233          0       2094      54,73       1,51       25,8       1,02      10405       8484         71       8027        385          0        503         49        581      16223       2094       1,02
106      31093        531          0      16274          0       2100      54,75       1,51       25,8       1,02      10410       8486         70       8030        385          0        468         45        541      16264       2100       1,02
107      31085        496          0      16312          0       2106      54,77       1,51       25,8       1,02      10415       8488         69       8033        385          0        437         42        506      16302       2106       1,01
108      31077        464          0      16345          0       2111      54,79       1,51       25,8       1,02      10420       8491         69       8036        385          0        407         39        474      16335       2111       1,01
109      31070        436          0      16376          0       2116      54,81       1,51       25,8       1,01      10425       8493         68       8039        385          0        380         37        446      16366       2116       1,01
110      31064        409          0      16405          0       2120      54,82       1,51       25,8       1,01      10429       8495         67       8042        385          0        356         35        419      16395       2120       1,01
111      31058        385          0      16431          0       2124      54,84       1,51       25,8       1,01      10433       8497         66       8045        385          0        335         33        395      16421       2124       1,01
112      31054        360          0      16457          0       2127      54,86       1,51       25,8       1,01      10436       8498         64       8048        385          0        314         31        370      16447       2127       1,01
113      31048        338          0      16481          0       2130      54,87       1,51       25,8       1,01      10440       8500         63       8051        385          0        294         29        348      16471       2130       1,01
114      31042        318          0      16504          0       2134      54,89       1,51       25,8       1,01      10444       8502         62       8055        385          0        275         27        328      16494       2134       1,01
115      31036        300          0      16525          0       2137      54,91       1,51       25,8       1,01      10448       8504         60       8058        385          0        259         26        310      16515       2137       1,01
116      31031        282          0      16546          0       2140      54,93       1,51       25,8       1,01      10452       8506         59       8061        385          0        242         24        292      16536       2140       1,01
117      31026        266          0      16563          0       2143      54,94       1,50       25,8       1,01      10455       8507         58       8063        385          0        228         23        276      16553       2143       1,01
118      31022        250          0      16581          0       2145      54,96       1,50       25,8       1,01      10458       8509         57       8066        385          0        214         22        260      16571       2145       1,01
119      31018        236          0      16597          0       2148      54,97       1,51       25,8       1,01      10460       8511         56       8069        385          0        200         20        246      16587       2148       1,01
120      31013        224          0      16612          0       2149      54,99       1,51       25,8       1,01      10462       8513         55       8071        385          0        189         19        234      16602       2149       1,00
--- ---------- ---------- ---------- ---------- ---------- ---------- ---------- ---------- ---------- ---------- ---------- ---------- ---------- ---------- ---------- ---------- ---------- ---------- ---------- ---------- ---------- ----------
Día     Sanos  Infectados Importados    Curados Desinmuniz    Muertos     Ida     críticos  infectados         R0   Cercania   Clusters Infectados    Curados    Muertos Indirectos   Enfermos Hospitaliz Infectados    Curados    Muertos         R0

Tipo 0
Día     Sanos  Infectados Importados    Curados Desinmuniz    Muertos Indirectos   Enfermos Hospitaliz
--- ---------- ---------- ---------- ---------- ---------- ---------- ---------- ---------- ----------
  1       1999          0          0          0          0          0          0          0          0
  2       1999          0          0          0          0          0          0          0          0
  3       1999          0          0          0          0          0          0          0          0
  4       1999          0          0          0          0          0          0          0          0
  5       1999          0          0          0          0          0          0          0          0
  6       1999          0          0          0          0          0          0          0          0
  7       1999          0          0          0          0          0          0          0          0
  8       1999          0          0          0          0          0          0          0          0
  9       1999          0          0          0          0          0          0          0          0
 10       1999          0          0          0          0          0          0          0          0
 11       1999          0          0          0          0          0          0          0          0
 12       1999          0          0          0          0          0          0          0          0
 13       1999          0          0          0          0          0          0          0          0
 14       1999          0          0          0          0          0          0          0          0
 15       1999          0          0          0          0          0          0          0          0
 16       1999          0          0          0          0          0          0          0          0
 17       1999          0          0          0          0          0          0          0          0
 18       1999          0          0          0          0          0          0          0          0
 19       1999          1          0          0          0          0          0          0          0
 20       1999          1          0          0          0          0          0          0          0
 21       1998          1          0          0          0          0          0          0          0
 22       1998          1          0          0          0          0          0          0          0
 23       1998          1          0          0          0          0          0          0          0
 24       1998          1          0          0          0          0          0          0          0
 25       1998          1          0          0          0          0          0          0          0
 26       1998          1          0          0          0          0          0          0          0
 27       1998          1          0          0          0          0          0          0          0
 28       1998          1          0          0          0          0          0          0          0
 29       1998          1          0          0          0          0          0          0          0
 30       1997          1          0          0          0          0          0          0          0
 31       1997          2          0          0          0          0          0          0          0
 32       1997          2          0          0          0          0          0          0          0
 33       1997          2          0          0          0          0          0          0          0
 34       1997          2          0          0          0          0          0          1          0
 35       1996          2          0          0          0          0          0          1          0
 36       1996          3          0          0          0          0          0          1          0
 37       1995          3          0          0          0          0          0          1          0
 38       1995          3          0          0          0          0          0          1          0
 39       1995          4          0          0          0          0          0          1          0
 40       1994          4          0          0          0          0          0          1          0
 41       1994          4          0          0          0          0          0          2          0
 42       1993          5          0          0          0          0          0          2          0
 43       1992          6          0          1          0          0          0          2          0
 44       1992          6          0          1          0          0          0          3          0
 45       1991          7          0          1          0          0          0          3          0
 46       1991          7          0          1          0          0          0          3          0
 47       1990          8          0          1          0          0          0          4          0
 48       1989          9          0          1          0          0          0          4          0
 49       1988          9          0          1          0          0          0          5          0
 50       1988         10          0          1          0          0          0          5          0
 51       1987         10          0          1          0          0          0          6          0
 52       1986         11          0          1          0          0          0          6          0
 53       1986         12          0          1          0          0          0          7          0
 54       1985         12          0          2          0          0          0          7          0
 55       1984         13          0          2          0          0          0          8          0
 56       1983         13          0          2          0          0          0          8          0
 57       1983         14          0          2          0          0          0          9          0
 58       1982         14          0          2          0          0          0          9          0
 59       1982         14          0          3          0          0          0         10          0
 60       1981         14          0          3          0          0          0         10          1
 61       1981         14          0          3          0          0          0         10          1
 62       1980         14          0          4          0          0          0         10          1
 63       1980         14          0          4          0          0          0         11          1
 64       1980         14          0          5          0          0          0         11          1
 65       1979         14          0          5          0          0          0         11          1
 66       1979         14          0          6          0          0          0         11          1
 67       1979         14          0          6          0          0          0         11          1
 68       1978         14          0          7          0          0          0         11          1
 69       1978         13          0          7          0          0          0         11          1
 70       1978         13          0          8          0          0          0         11          1
 71       1977         13          0          8          0          0          0         11          1
 72       1977         13          0          9          0          0          0         11          1
 73       1977         12          0          9          0          0          0         10          1
 74       1977         12          0         10          0          0          0         10          1
 75       1977         11          0         11          0          0          0         10          1
 76       1976         11          0         11          0          0          0         10          1
 77       1976         11          0         12          0          0          0          9          1
 78       1976         10          0         12          0          0          0          9          1
 79       1976         10          0         13          0          0          0          9          0
 80       1976          9          0         14          0          0          0          8          0
 81       1975          9          0         14          0          0          0          7          0
 82       1975          8          0         15          0          0          0          7          0
 83       1975          8          0         16          0          0          0          6          0
 84       1975          7          0         16          0          0          0          6          0
 85       1975          7          0         17          0          0          0          6          0
 86       1975          6          0         17          0          0          0          5          0
 87       1975          6          0         18          0          0          0          5          0
 88       1975          6          0         18          0          0          0          5          0
 89       1975          5          0         19          0          0          0          5          0
 90       1975          5          0         19          0          0          0          4          0
 91       1975          4          0         20          0          0          0          4          0
 92       1975          4          0         20          0          0          0          4          0
 93       1975          4          0         20          0          0          0          3          0
 94       1975          4          0         20          0          0          0          3          0
 95       1975          3          0         21          0          0          0          3          0
 96       1975          3          0         21          0          0          0          3          0
 97       1974          3          0         21          0          0          0          3          0
 98       1974          3          0         22          0          0          0          2          0
 99       1974          2          0         22          0          0          0          2          0
100       1974          2          0         22          0          0          0          2          0
101       1974          2          0         22          0          0          0          2          0
102       1974          2          0         22          0          0          0          2          0
103       1974          2          0         23          0          0          0          1          0
104       1974          2          0         23          0          0          0          1          0
105       1974          1          0         23          0          0          0          1          0
106       1974          1          0         23          0          0          0          1          0
107       1974          1          0         23          0          0          0          1          0
108       1974          1          0         24          0          0          0          1          0
109       1974          1          0         24          0          0          0          1          0
110       1974          1          0         24          0          0          0          1          0
111       1974          1          0         24          0          0          0          1          0
112       1974          1          0         24          0          0          0          1          0
113       1974          1          0         24          0          0          0          1          0
114       1974          1          0         24          0          0          0          1          0
115       1974          1          0         24          0          0          0          1          0
116       1974          1          0         24          0          0          0          0          0
117       1974          1          0         24          0          0          0          0          0
118       1974          0          0         24          0          0          0          0          0
119       1974          0          0         24          0          0          0          0          0
120       1974          0          0         24          0          0          0          0          0
--- ---------- ---------- ---------- ---------- ---------- ---------- ---------- ---------- ----------
Día     Sanos  Infectados Importados    Curados Desinmuniz    Muertos Indirectos   Enfermos Hospitaliz

Tipo 1
Día     Sanos  Infectados Importados    Curados Desinmuniz    Muertos Indirectos   Enfermos Hospitaliz
--- ---------- ---------- ---------- ---------- ---------- ---------- ---------- ---------- ----------
  1       7498          1          0          0          0          0          0          0          0
  2       7498          1          0          0          0          0          0          0          0
  3       7498          1          0          0          0          0          0          0          0
  4       7498          1          0          0          0          0          0          0          0
  5       7498          1          0          0          0          0          0          0          0
  6       7498          1          0          0          0          0          0          0          0
  7       7498          1          0          0          0          0          0          0          0
  8       7498          1          0          0          0          0          0          0          0
  9       7498          1          0          0          0          0          0          0          0
 10       7498          1          0          0          0          0          0          0          0
 11       7498          1          0          0          0          0          0          0          0
 12       7498          1          0          0          0          0          0          0          0
 13       7498          1          0          0          0          0          0          0          0
 14       7497          2          0          0          0          0          0          0          0
 15       7497          2          0          0          0          0          0          0          0
 16       7497          2          0          0          0          0          0          0          0
 17       7497          2          0          0          0          0          0          0          0
 18       7497          2          0          0          0          0          0          0          0
 19       7496          3          0          0          0          0          0          0          0
 20       7496          3          0          0          0          0          0          0          0
 21       7495          3          0          0          0          0          0          0          0
 22       7495          4          0          0          0          0          0          0          0
 23       7494          5          0          0          0          0          0          1          0
 24       7493          5          0          0          0          0          0          1          0
 25       7493          6          0          0          0          0          0          1          0
 26       7492          7          0          0          0          0          0          2          0
 27       7491          8          0          0          0          0          0          2          0
 28       7490          9          0          0          0          0          0          2          0
 29       7488         10          0          0          0          0          0          3          0
 30       7487         11          0          1          0          0          0          3          0
 31       7486         12          0          1          0          0          0          4          0
 32       7484         13          0          1          0          0          0          5          0
 33       7482         15          0          1          0          0          0          6          0
 34       7480         17          0          2          0          0          0          7          0
 35       7478         19          0          2          0          0          0          7          0
 36       7475         22          0          2          0          0          0          9          0
 37       7472         25          0          2          0          0          0         10          0
 38       7468         28          0          2          0          0          0         11          1
 39       7465         31          0          2          0          0          0         13          1
 40       7462         35          0          2          0          0          0         14          1
 41       7458         38          0          3          0          0          0         16          1
 42       7454         41          0          3          0          0          0         18          1
 43       7449         46          0          4          0          0          0         20          2
 44       7444         51          0          4          0          0          0         23          2
 45       7439         55          0          4          0          0          0         26          2
 46       7434         60          0          5          0          0          0         29          3
 47       7428         66          0          5          0          0          0         32          3
 48       7422         71          0          6          0          0          0         35          3
 49       7417         76          0          6          0          0          0         38          3
 50       7410         81          0          7          0          0          0         42          4
 51       7404         85          0          9          0          0          0         46          4
 52       7398         91          0          9          0          0          0         50          4
 53       7392         96          0         11          0          0          0         54          5
 54       7386        101          0         12          0          0          0         59          5
 55       7380        105          0         13          0          0          0         63          6
 56       7375        108          0         15          0          0          0         67          6
 57       7370        112          0         17          0          0          0         71          7
 58       7364        115          0         19          0          0          0         75          7
 59       7358        119          0         21          0          0          0         79          7
 60       7352        123          0         24          0          0          0         83          8
 61       7346        126          0         26          0          0          0         87          8
 62       7341        129          0         29          0          0          0         90          8
 63       7336        131          0         32          0          0          0         92          9
 64       7330        133          0         35          0          0          0         93          9
 65       7324        136          0         39          0          0          0         96          9
 66       7319        137          0         43          0          0          0         97          9
 67       7314        138          0         47          0          0          0         99         10
 68       7308        140          0         51          0          0          0        102         10
 69       7303        140          0         55          0          0          0        103         10
 70       7298        142          0         59          0          0          0        104         10
 71       7293        142          0         63          0          0          0        105         10
 72       7288        143          0         68          0          0          0        107         10
 73       7283        143          0         73          0          0          0        107         11
 74       7278        142          0         78          0          0          0        107         11
 75       7274        142          0         83          0          0          0        107         11
 76       7269        141          0         88          0          0          0        107         11
 77       7265        139          0         94          0          0          0        106         11
 78       7260        139          0        100          0          0          0        106         10
 79       7256        137          0        106          0          0          0        105         10
 80       7252        135          0        112          0          0          0        104         10
 81       7248        133          0        118          0          0          0        102         10
 82       7244        131          0        124          0          0          0        101         10
 83       7240        130          0        129          0          0          0        101          9
 84       7235        128          0        135          0          0          0         98          9
 85       7231        127          0        141          0          0          0         97          9
 86       7228        124          0        147          0          0          0         96          9
 87       7225        121          0        153          0          0          0         94          9
 88       7222        119          0        158          0          0          0         92          9
 89       7218        117          0        164          0          0          0         91          9
 90       7215        115          0        169          0          0          0         90          8
 91       7211        113          0        175          0          0          0         89          8
 92       7208        110          0        180          0          0          0         87          8
 93       7205        109          0        185          0          0          0         85          8
 94       7201        107          0        190          0          0          0         84          8
 95       7198        106          0        195          0          0          0         82          7
 96       7195        103          0        201          0          0          0         80          7
 97       7192        101          0        205          0          0          0         79          7
 98       7189         99          0        210          0          0          0         77          7
 99       7187         97          0        215          0          0          0         76          6
100       7183         96          0        219          0          0          0         74          6
101       7181         94          0        224          0          0          0         73          6
102       7179         91          0        228          0          0          0         72          6
103       7176         89          0        233          0          0          0         70          6
104       7174         87          0        238          0          0          0         69          6
105       7172         84          0        242          0          0          0         67          6
106       7169         82          0        247          0          0          0         65          6
107       7167         80          0        251          0          0          0         64          6
108       7164         80          0        255          0          0          0         63          6
109       7162         78          0        258          0          0          0         61          6
110       7160         77          0        262          0          0          0         61          6
111       7158         75          0        266          0          0          0         58          5
112       7156         72          0        270          0          0          0         57          5
113       7154         71          0        274          0          0          0         55          5
114       7152         69          0        278          0          0          0         54          5
115       7150         67          0        281          0          0          0         53          5
116       7148         65          0        285          0          0          0         52          5
117       7146         64          0        288          0          0          0         51          5
118       7145         63          0        291          0          0          0         50          5
119       7143         61          0        294          0          0          0         48          5
120       7141         60          0        298          0          0          0         47          5
--- ---------- ---------- ---------- ---------- ---------- ---------- ---------- ---------- ----------
Día     Sanos  Infectados Importados    Curados Desinmuniz    Muertos Indirectos   Enfermos Hospitaliz

Tipo 2
Día     Sanos  Infectados Importados    Curados Desinmuniz    Muertos Indirectos   Enfermos Hospitaliz
--- ---------- ---------- ---------- ---------- ---------- ---------- ---------- ---------- ----------
  1      30993          6          0          0          0          0          0          0          0
  2      30993          6          0          0          0          0          0          0          0
  3      30993          6          0          0          0          0          0          0          0
  4      30989         10          0          0          0          0          0          0          0
  5      30986         13          0          0          0          0          0          0          0
  6      30982         17          0          0          0          0          0          0          0
  7      30972         27          0          0          0          0          0          0          0
  8      30957         42          0          0          0          0          0          0          0
  9      30941         58          0          0          0          0          0          0          0
 10      30915         84          0          0          0          0          0          0          0
 11      30882        117          0          0          0          0          0          3          0
 12      30850        148          0          0          0          0          0          7          0
 13      30820        179          0          0          0          0          0         10          0
 14      30792        206          0          0          0          0          0         20          1
 15      30770        228          0          0          0          0          0         35          2
 16      30748        250          0          0          0          0          0         51          4
 17      30724        273          0          1          0          0          0         77          6
 18      30694        303          0          1          0          0          0        110          9
 19      30657        339          0          2          0          0          0        140         12
 20      30612        383          0          3          0          0          0        170         15
 21      30557        437          0          4          0          0          0        197         18
 22      30485        508          0          6          0          0          0        218         19
 23      30401        589          0          8          0          0          0        238         21
 24      30301        688          0         10          0          0          0        260         23
 25      30184        801          0         14          0          0          0        287         26
 26      30042        938          0         18          0          0          0        319         29
 27      29876       1100          0         23          0          0          0        360         34
 28      29692       1279          0         28          0          0          0        410         38
 29      29482       1481          0         35          0          0          0        475         43
 30      29248       1707          0         43          0          0          0        551         51
 31      28999       1946          0         53          0          0          0        642         60
 32      28726       2205          0         66          0          1          0        748         72
 33      28436       2482          0         79          0          1          0        877         85
 34      28116       2788          0         93          0          1          0       1028        100
 35      27768       3115          0        113          0          2          0       1193        117
 36      27401       3461          0        134          0          2          0       1381        136
 37      27019       3818          0        159          0          3          0       1590        158
 38      26614       4194          0        187          0          3          0       1810        181
 39      26201       4573          0        220          0          4          0       2049        206
 40      25782       4954          0        258          0          5          0       2301        229
 41      25360       5330          0        302          0          5          0       2576        258
 42      24940       5698          0        354          0          7          0       2871        288
 43      24534       6047          0        410          0          8          0       3181        319
 44      24150       6369          0        471          0          9          0       3502        350
 45      23785       6666          0        537          0         10          0       3838        384
 46      23441       6933          0        612          0         12          0       4175        419
 47      23128       7162          0        694          0         14          0       4510        453
 48      22844       7351          0        788          0         16          0       4836        486
 49      22591       7494          0        895          0         18          0       5148        517
 50      22368       7596          0       1014          0         20          0       5432        548
 51      22173       7653          0       1149          0         23          0       5678        572
 52      22004       7669          0       1298          0         27          0       5889        593
 53      21851       7652          0       1464          0         31          0       6063        609
 54      21714       7608          0       1641          0         35          0       6195        622
 55      21595       7519          0       1846          0         38          0       6271        628
 56      21484       7409          0       2061          0         43          0       6303        631
 57      21383       7270          0       2297          0         48          0       6286        630
 58      21292       7098          0       2557          0         52          0       6216        622
 59      21206       6907          0       2827          0         58          0       6109        611
 60      21131       6697          0       3107          0         63          0       5978        598
 61      21064       6460          0       3404          0         70          0       5810        580
 62      20999       6207          0       3716          0         77          0       5612        559
 63      20935       5944          0       4035          0         84          0       5395        539
 64      20878       5668          0       4362          0         90          0       5163        516
 65      20824       5380          0       4697          0         97          0       4912        491
 66      20772       5075          0       5047          0        105          0       4641        463
 67      20721       4770          0       5396          0        111          0       4360        434
 68      20675       4470          0       5735          0        117          0       4082        407
 69      20631       4160          0       6083          0        125          0       3792        380
 70      20589       3855          0       6423          0        131          0       3509        351
 71      20551       3562          0       6748          0        137          0       3235        323
 72      20516       3282          0       7057          0        142          0       2975        297
 73      20485       2999          0       7367          0        148          0       2712        271
 74      20453       2740          0       7651          0        154          0       2472        245
 75      20427       2496          0       7915          0        160          0       2248        222
 76      20401       2276          0       8156          0        165          0       2046        202
 77      20376       2076          0       8375          0        170          0       1863        185
 78      20355       1888          0       8581          0        174          0       1692        168
 79      20334       1721          0       8765          0        178          0       1539        152
 80      20315       1571          0       8930          0        181          0       1402        137
 81      20297       1443          0       9073          0        184          0       1288        126
 82      20281       1325          0       9205          0        187          0       1179        116
 83      20266       1226          0       9317          0        189          0       1091        107
 84      20252       1132          0       9423          0        191          0       1008         99
 85      20240       1048          0       9517          0        193          0        933         91
 86      20227        973          0       9603          0        195          0        866         85
 87      20217        906          0       9680          0        196          0        807         79
 88      20206        842          0       9752          0        197          0        752         74
 89      20195        785          0       9820          0        198          0        699         68
 90      20186        731          0       9881          0        200          0        651         64
 91      20177        681          0       9939          0        201          0        606         59
 92      20168        636          0       9992          0        202          0        565         55
 93      20161        595          0      10039          0        203          0        529         51
 94      20155        556          0      10084          0        204          0        494         48
 95      20148        517          0      10128          0        205          0        459         44
 96      20143        483          0      10168          0        205          0        430         41
 97      20137        449          0      10205          0        206          0        401         38
 98      20131        419          0      10241          0        207          0        373         36
 99      20127        388          0      10275          0        208          0        346         33
100      20122        358          0      10309          0        209          0        319         30
101      20118        334          0      10337          0        209          0        298         28
102      20115        310          0      10363          0        210          0        277         25
103      20111        288          0      10389          0        210          0        256         24
104      20108        269          0      10410          0        211          0        240         23
105      20105        249          0      10433          0        211          0        223         21
106      20102        231          0      10453          0        212          0        207         19
107      20100        214          0      10473          0        212          0        191         17
108      20097        199          0      10490          0        212          0        178         16
109      20094        187          0      10504          0        212          0        166         15
110      20092        174          0      10519          0        213          0        155         14
111      20090        163          0      10532          0        213          0        146         14
112      20089        150          0      10546          0        213          0        134         13
113      20087        140          0      10558          0        214          0        124         12
114      20085        129          0      10569          0        214          0        115         11
115      20083        121          0      10579          0        214          0        108         10
116      20081        113          0      10589          0        214          0        100         10
117      20080        106          0      10598          0        215          0         93          9
118      20078         99          0      10606          0        215          0         87          9
119      20077         92          0      10614          0        215          0         80          8
120      20075         86          0      10622          0        215          0         74          7
--- ---------- ---------- ---------- ---------- ---------- ---------- ---------- ---------- ----------
Día     Sanos  Infectados Importados    Curados Desinmuniz    Muertos Indirectos   Enfermos Hospitaliz

Tipo 3
Día     Sanos  Infectados Importados    Curados Desinmuniz    Muertos Indirectos   Enfermos Hospitaliz
--- ---------- ---------- ---------- ---------- ---------- ---------- ---------- ---------- ----------
  1       2499          0          0          0          0          0          0          0          0
  2       2499          0          0          0          0          0          0          0          0
  3       2499          0          0          0          0          0          0          0          0
  4       2497          2          0          0          0          0          0          0          0
  5       2497          2          0          0          0          0          0          0          0
  6       2496          3          0          0          0          0          0          0          0
  7       2494          5          0          0          0          0          0          0          0
  8       2493          6          0          0          0          0          0          0          0
  9       2491          8          0          0          0          0          0          0          0
 10       2486         13          0          0          0          0          0          0          0
 11       2483         16          0          0          0          0          0          2          0
 12       2477         22          0          0          0          0          0          2          0
 13       2468         31          0          0          0          0          0          2          0
 14       2455         44          0          0          0          0          0          5          0
 15       2441         58          0          0          0          0          0          5          0
 16       2424         75          0          0          0          0          0          8          0
 17       2405         94          0          0          0          0          0         12          1
 18       2383        115          0          0          0          0          0         16          1
 19       2347        151          0          0          0          0          0         22          2
 20       2307        192          0          0          0          0          0         30          3
 21       2279        219          0          0          0          0          0         43          4
 22       2252        246          0          0          0          0          0         57          6
 23       2218        280          0          1          0          0          0         73          7
 24       2185        312          0          1          0          0          0         91          8
 25       2153        343          0          2          0          0          0        112         10
 26       2122        373          0          3          0          0          0        147         13
 27       2086        407          0          4          0          1          0        187         17
 28       2047        445          0          6          0          1          0        213         20
 29       2012        478          0          8          0          1          0        238         23
 30       1965        523          0          9          0          2          0        269         26
 31       1925        559          0         12          0          2          0        299         29
 32       1878        601          0         16          0          3          0        327         32
 33       1833        642          0         19          0          4          0        353         35
 34       1784        686          0         24          0          5          0        384         38
 35       1737        726          0         29          0          6          0        416         42
 36       1682        773          0         36          0          7          0        443         44
 37       1628        819          0         43          0          9          0        482         48
 38       1572        863          0         53          0         10          0        510         51
 39       1509        914          0         63          0         12          0        545         55
 40       1446        964          0         73          0         14          0        578         59
 41       1380       1016          0         86          0         16          0        612         62
 42       1313       1067          0        100          0         18          0        643         65
 43       1244       1116          0        116          0         21          0        678         68
 44       1175       1163          0        136          0         25          0        710         70
 45       1108       1206          0        156          0         28          0        743         74
 46       1042       1246          0        178          0         32          0        779         79
 47        977       1282          0        203          0         36          0        813         83
 48        914       1315          0        229          0         40          0        849         87
 49        852       1344          0        256          0         46          0        884         90
 50        793       1365          0        288          0         52          0        914         93
 51        735       1384          0        322          0         57          0        945         96
 52        681       1402          0        352          0         62          0        976         99
 53        635       1412          0        383          0         67          0       1006        102
 54        591       1417          0        418          0         72          0       1032        105
 55        550       1417          0        452          0         79          0       1054        107
 56        513       1416          0        486          0         84          0       1077        110
 57        481       1406          0        521          0         89          0       1095        111
 58        451       1390          0        561          0         97          0       1105        112
 59        422       1373          0        599          0        103          0       1114        114
 60        396       1353          0        638          0        111          0       1114        113
 61        370       1330          0        680          0        119          0       1109        114
 62        348       1301          0        722          0        127          0       1099        113
 63        329       1265          0        768          0        135          0       1081        110
 64        311       1228          0        816          0        143          0       1058        108
 65        294       1188          0        864          0        152          0       1031        106
 66        279       1146          0        913          0        160          0       1003        103
 67        267       1098          0        965          0        169          0        968        100
 68        255       1048          0       1016          0        179          0        934         97
 69        244        998          0       1069          0        187          0        895         93
 70        234        947          0       1120          0        196          0        852         88
 71        227        894          0       1172          0        205          0        809         83
 72        219        842          0       1223          0        214          0        767         78
 73        212        788          0       1276          0        223          0        721         74
 74        206        736          0       1325          0        231          0        675         70
 75        200        687          0       1372          0        240          0        632         65
 76        194        636          0       1419          0        249          0        586         60
 77        189        587          0       1465          0        257          0        541         56
 78        185        540          0       1508          0        265          0        499         52
 79        181        497          0       1548          0        272          0        459         48
 80        178        455          0       1586          0        280          0        421         44
 81        174        416          0       1622          0        286          0        384         40
 82        170        381          0       1654          0        292          0        352         37
 83        168        348          0       1686          0        297          0        321         32
 84        166        319          0       1711          0        302          0        295         29
 85        164        288          0       1738          0        307          0        267         26
 86        162        262          0       1763          0        311          0        243         23
 87        160        239          0       1784          0        315          0        222         21
 88        158        217          0       1804          0        319          0        201         19
 89        156        198          0       1822          0        322          0        184         18
 90        155        179          0       1839          0        325          0        166         16
 91        154        163          0       1854          0        328          0        151         14
 92        153        146          0       1869          0        331          0        135         12
 93        152        132          0       1882          0        333          0        122         11
 94        151        120          0       1893          0        335          0        111         10
 95        150        110          0       1902          0        336          0        101          9
 96        149         99          0       1913          0        338          0         91          8
 97        148         89          0       1921          0        340          0         82          7
 98        147         81          0       1929          0        341          0         75          6
 99        147         73          0       1936          0        343          0         67          6
100        146         66          0       1942          0        344          0         61          6
101        146         60          0       1948          0        345          0         55          5
102        145         54          0       1953          0        346          0         49          5
103        145         48          0       1958          0        347          0         44          4
104        144         44          0       1963          0        347          0         40          4
105        144         41          0       1966          0        348          0         37          3
106        143         37          0       1969          0        349          0         34          3
107        143         34          0       1972          0        349          0         31          3
108        142         32          0       1975          0        349          0         28          3
109        142         29          0       1977          0        350          0         26          2
110        142         26          0       1979          0        350          0         23          2
111        142         25          0       1981          0        351          0         22          2
112        142         22          0       1984          0        351          0         20          2
113        141         20          0       1985          0        351          0         18          2
114        141         19          0       1987          0        351          0         17          1
115        141         17          0       1988          0        352          0         16          1
116        141         16          0       1990          0        352          0         14          1
117        140         15          0       1991          0        352          0         13          1
118        140         13          0       1992          0        353          0         12          1
119        140         12          0       1993          0        353          0         11          1
120        140         11          0       1994          0        353          0         10          0
--- ---------- ---------- ---------- ---------- ---------- ---------- ---------- ---------- ----------
Día     Sanos  Infectados Importados    Curados Desinmuniz    Muertos Indirectos   Enfermos Hospitaliz

Tipo 4
Día     Sanos  Infectados Importados    Curados Desinmuniz    Muertos Indirectos   Enfermos Hospitaliz
--- ---------- ---------- ---------- ---------- ---------- ---------- ---------- ---------- ----------
  1       6998          1          0          0          0          0          0          0          0
  2       6998          1          0          0          0          0          0          0          0
  3       6998          1          0          0          0          0          0          0          0
  4       6993          6          0          0          0          0          0          0          0
  5       6992          7          0          0          0          0          0          0          0
  6       6991          8          0          0          0          0          0          0          0
  7       6989         10          0          0          0          0          0          0          0
  8       6987         12          0          0          0          0          0          0          0
  9       6985         14          0          0          0          0          0          0          0
 10       6979         20          0          0          0          0          0          0          0
 11       6971         28          0          0          0          0          0          5          0
 12       6966         33          0          0          0          0          0          6          0
 13       6954         45          0          0          0          0          0          6          0
 14       6942         57          0          0          0          0          0          8          0
 15       6916         83          0          0          0          0          0         11          1
 16       6882        117          0          0          0          0          0         12          1
 17       6850        148          0          0          0          0          0         18          1
 18       6821        177          0          0          0          0          0         26          2
 19       6777        221          0          0          0          0          0         32          3
 20       6739        259          0          0          0          0          0         43          4
 21       6689        308          0          1          0          0          0         54          5
 22       6633        364          0          1          0          0          0         80          8
 23       6579        417          0          1          0          0          0        113         11
 24       6520        475          0          2          0          0          0        144         14
 25       6459        535          0          3          0          1          0        173         17
 26       6386        606          0          4          0          1          0        215         21
 27       6317        673          0          6          0          2          0        251         24
 28       6238        748          0          8          0          3          0        297         30
 29       6161        822          0         11          0          4          0        350         34
 30       6083        896          0         14          0          5          0        400         39
 31       6008        966          0         17          0          7          0        454         45
 32       5916       1051          0         22          0          8          0        509         51
 33       5827       1133          0         27          0         11          0        575         57
 34       5729       1223          0         33          0         13          0        636         63
 35       5635       1304          0         42          0         17          0        701         70
 36       5537       1390          0         50          0         20          0        767         76
 37       5436       1479          0         59          0         24          0        832         82
 38       5329       1570          0         71          0         29          0        891         87
 39       5216       1664          0         83          0         34          0        965         95
 40       5095       1766          0         97          0         40          0       1034        103
 41       4971       1867          0        113          0         48          0       1108        110
 42       4844       1966          0        132          0         56          0       1175        116
 43       4707       2073          0        154          0         65          0       1243        124
 44       4571       2175          0        178          0         75          0       1310        132
 45       4429       2278          0        206          0         86          0       1378        139
 46       4284       2380          0        235          0         99          0       1448        147
 47       4143       2473          0        269          0        114          0       1520        154
 48       4002       2565          0        302          0        130          0       1596        163
 49       3865       2650          0        339          0        144          0       1671        170
 50       3731       2724          0        381          0        162          0       1749        177
 51       3601       2793          0        422          0        182          0       1824        186
 52       3477       2850          0        468          0        202          0       1899        193
 53       3356       2898          0        519          0        224          0       1970        201
 54       3241       2940          0        570          0        247          0       2039        207
 55       3130       2976          0        623          0        269          0       2105        213
 56       3025       3000          0        680          0        293          0       2161        218
 57       2928       3011          0        742          0        318          0       2208        225
 58       2837       3015          0        804          0        343          0       2251        229
 59       2752       3004          0        870          0        372          0       2279        232
 60       2668       2993          0        937          0        400          0       2305        234
 61       2591       2975          0       1005          0        428          0       2325        236
 62       2519       2947          0       1073          0        459          0       2336        236
 63       2453       2907          0       1146          0        492          0       2335        235
 64       2391       2862          0       1220          0        525          0       2325        234
 65       2333       2805          0       1302          0        558          0       2301        232
 66       2281       2744          0       1380          0        593          0       2274        229
 67       2231       2681          0       1461          0        626          0       2244        227
 68       2187       2607          0       1543          0        661          0       2204        223
 69       2145       2527          0       1629          0        697          0       2153        219
 70       2106       2440          0       1718          0        734          0       2093        213
 71       2071       2350          0       1805          0        772          0       2031        206
 72       2038       2261          0       1890          0        809          0       1966        200
 73       2008       2163          0       1980          0        847          0       1891        193
 74       1982       2057          0       2073          0        886          0       1808        185
 75       1957       1957          0       2160          0        924          0       1728        177
 76       1935       1855          0       2247          0        961          0       1645        168
 77       1915       1749          0       2333          0       1001          0       1559        159
 78       1897       1649          0       2416          0       1036          0       1475        149
 79       1880       1552          0       2496          0       1070          0       1394        141
 80       1866       1451          0       2575          0       1106          0       1309        132
 81       1853       1354          0       2651          0       1140          0       1225        125
 82       1839       1267          0       2722          0       1171          0       1148        116
 83       1827       1176          0       2794          0       1202          0       1067        107
 84       1815       1094          0       2858          0       1232          0        994        100
 85       1805       1015          0       2921          0       1257          0        923         93
 86       1795        939          0       2981          0       1282          0        855         86
 87       1786        869          0       3038          0       1305          0        789         79
 88       1778        804          0       3089          0       1326          0        730         74
 89       1771        744          0       3136          0       1348          0        676         68
 90       1764        686          0       3181          0       1367          0        623         63
 91       1757        631          0       3223          0       1386          0        574         58
 92       1751        580          0       3264          0       1403          0        526         53
 93       1746        535          0       3298          0       1419          0        486         49
 94       1741        491          0       3333          0       1433          0        446         46
 95       1736        452          0       3364          0       1447          0        409         42
 96       1731        415          0       3393          0       1458          0        376         38
 97       1728        382          0       3419          0       1470          0        346         35
 98       1724        350          0       3444          0       1480          0        316         31
 99       1720        321          0       3467          0       1490          0        290         29
100       1716        297          0       3487          0       1498          0        267         26
101       1714        271          0       3507          0       1507          0        243         24
102       1711        248          0       3524          0       1515          0        224         22
103       1709        228          0       3540          0       1521          0        205         20
104       1706        210          0       3554          0       1528          0        188         18
105       1704        194          0       3567          0       1534          0        174         17
106       1702        177          0       3580          0       1539          0        159         15
107       1700        164          0       3590          0       1544          0        148         14
108       1698        150          0       3601          0       1549          0        135         13
109       1696        139          0       3611          0       1552          0        124         12
110       1695        128          0       3619          0       1556          0        114         11
111       1693        120          0       3626          0       1559          0        107         10
112       1691        113          0       3632          0       1562          0        101          9
113       1690        105          0       3639          0       1565          0         93          9
114       1688         98          0       3645          0       1567          0         86          8
115       1687         91          0       3650          0       1570          0         80          7
116       1685         85          0       3656          0       1572          0         74          7
117       1684         79          0       3660          0       1575          0         68          6
118       1683         73          0       3665          0       1577          0         63          5
119       1682         68          0       3669          0       1579          0         59          5
120       1681         64          0       3673          0       1580          0         56          5
--- ---------- ---------- ---------- ---------- ---------- ---------- ---------- ---------- ----------
Día     Sanos  Infectados Importados    Curados Desinmuniz    Muertos Indirectos   Enfermos Hospitaliz

