Fichero                                                      Desv.Media Ser
------------------------------------------------------------ ---------- --- --
C:\Contagio\50SR_90Asin\s001.log                                 110,18   1 ok
C:\Contagio\50SR_90Asin\s002.log                                  81,66   1 ok
C:\Contagio\50SR_90Asin\s003.log                                 613,08   1 
C:\Contagio\50SR_90Asin\s004.log                                 112,65   1 ok
C:\Contagio\50SR_90Asin\s005.log                                  90,02   1 ok
C:\Contagio\50SR_90Asin\s006.log                                 110,52   1 ok
C:\Contagio\50SR_90Asin\s007.log                                  75,78   1 ok
C:\Contagio\50SR_90Asin\s008.log                                  64,21   1 ok
C:\Contagio\50SR_90Asin\s009.log                                  61,25   1 ok
C:\Contagio\50SR_90Asin\s010.log                                 199,69   1 ok
------------------------------------------------------------ ---------- --- --
                                           2 x     151,91  =     303,81
------------------------------------------------------------ ---------- --- --

                                                                       Recorrido  Contactos Media días            ------ Afectados ---- ----------  Clusters -----------
Día     Sanos  Infectados Importados    Curados Desinmuniz    Muertos     Ida     críticos  infectados         R0   Cercania   Clusters Infectados    Curados    Muertos   Enfermos Hospitaliz  Ambiental
--- ---------- ---------- ---------- ---------- ---------- ---------- ---------- ---------- ---------- ---------- ---------- ---------- ---------- ---------- ---------- ---------- ---------- ----------
  1      49990         10          0          0          0          0      56,32       0,00        0,0       0,00          0          0          0          0          0          0          0          0
  2      49990         10          0          0          0          0      56,33       0,00        0,0       0,00          0          0          0          0          0          0          0          0
  3      49990         10          0          0          0          0      56,33       0,00        0,0       0,00          0          0          0          0          0          0          0          0
  4      49984         15          0          0          0          0      56,34       0,33        0,0       0,00          1          4          4          0          0          0          0          0
  5      49980         19          0          0          0          0      56,35       0,56        0,0       0,00          1          7          7          0          0          0          0          0
  6      49977         22          0          0          0          0      56,35       0,71        0,0       0,00          2         10         10          0          0          0          0          0
  7      49964         35          0          0          0          0      56,35       0,82        0,7       0,00          3         22         22          0          0          0          0          0
  8      49945         54          0          0          0          0      56,35       0,86        0,7       0,00          4         40         40          0          0          0          0          0
  9      49925         74          0          0          0          0      56,35       0,82        1,5       1,56          6         58         58          0          0          0          0          0
 10      49890        109          0          0          0          0      56,35       0,82        1,5       1,56          9         90         90          0          0          1          0          0
 11      49848        150          0          0          0          0      56,35       0,84        3,4       2,56         13        127        127          0          0          1          0          0
 12      49813        186          0          0          0          0      56,35       0,87        4,6       4,33         20        156        156          0          0          1          0          0
 13      49778        220          0          0          0          0      56,35       0,98        4,6       4,33         30        180        180          0          0          3          0          0
 14      49742        257          0          0          0          0      56,35       1,08        4,5       4,26         46        202        201          0          0          5          0          0
 15      49710        289          0          1          0          0      56,35       1,16        4,3       3,72         61        218        218          0          0          7          0          0
 16      49659        339          0          1          0          0      56,35       1,21        5,4       3,83         78        251        251          0          0         10          1          0
 17      49597        400          0          1          0          0      56,35       1,25        4,9       2,11         99        292        291          1          0         13          1          0
 18      49524        472          0          3          0          0      56,36       1,28       11,1       2,16        122        343        341          1          0         16          2          0
 19      49426        569          0          4          0          0      56,35       1,27       11,1       2,12        148        415        412          2          0         20          2          0
 20      49315        679          0          5          0          0      56,35       1,27       11,4       2,66        180        494        491          3          0         22          2          0
 21      49186        805          0          7          0          0      56,36       1,27       11,4       2,82        215        587        582          5          0         25          3          0
 22      49036        953          0          9          0          0      56,35       1,28       12,2       2,79        254        698        692          6          0         29          3          0
 23      48847       1139          0         13          0          0      56,35       1,28       12,6       2,47        302        840        831          8          0         33          4          0
 24      48605       1376          0         16          0          0      56,35       1,27       12,7       2,13        364       1019       1008         11          0         40          5          0
 25      48360       1616          0         21          0          1      56,35       1,27       12,7       2,27        430       1198       1182         15          0         50          6          0
 26      48079       1892          0         27          0          1      56,35       1,28       13,3       2,23        512       1398       1378         19          0         59          7          0
 27      47732       2233          0         33          0          1      56,35       1,28       13,9       2,42        610       1647       1622         24          1         71          8          0
 28      47372       2582          0         43          0          2      56,35       1,28       14,9       2,50        727       1890       1858         31          1         84         10          0
 29      46967       2977          0         52          0          2      56,35       1,28       15,5       2,58        858       2163       2124         37          1        103         12          0
 30      46538       3396          0         62          0          2      56,35       1,28       15,7       2,55        998       2453       2406         46          1        124         13          0
 31      46061       3859          0         75          0          3      56,35       1,29       16,0       2,60       1174       2754       2696         56          1        148         17          0
 32      45550       4349          0         95          0          4      56,35       1,30       16,7       2,55       1368       3071       3000         68          2        174         18          0
 33      44994       4884          0        116          0          5      56,35       1,30       16,9       2,52       1576       3419       3332         84          2        208         22          0
 34      44352       5501          0        139          0          6      56,35       1,31       17,0       2,44       1817       3819       3714        101          3        241         27          0
 35      43668       6152          0        171          0          7      56,35       1,32       17,2       2,49       2076       4245       4115        126          4        279         31          0
 36      42954       6828          0        206          0         10      56,35       1,32       17,3       2,48       2359       4675       4514        154          6        317         34          0
 37      42180       7560          0        246          0         12      56,35       1,32       17,4       2,47       2682       5126       4934        185          7        355         37          0
 38      41397       8291          0        296          0         14      56,34       1,32       17,7       2,47       3019       5572       5340        224          8        401         43          0
 39      40615       9008          0        359          0         17      56,34       1,32       17,9       2,46       3385       5989       5707        272         10        453         49          0
 40      39800       9755          0        423          0         20      56,35       1,33       18,0       2,47       3779       6410       6078        319         12        506         53          0
 41      39013      10454          0        507          0         24      56,35       1,33       18,2       2,47       4200       6775       6380        380         14        570         59          0
 42      38283      11088          0        598          0         29      56,35       1,33       18,4       2,39       4631       7074       6610        447         16        630         65          0
 43      37568      11701          0        696          0         34      56,35       1,34       18,5       2,34       5083       7338       6801        517         19        698         71          0
 44      36890      12252          0        816          0         41      56,35       1,34       18,5       2,34       5550       7549       6928        597         23        761         77          0
 45      36227      12772          0        950          0         49      56,35       1,34       18,7       2,32       6029       7732       7015        690         27        818         81          0
 46      35596      13250          0       1096          0         57      56,35       1,34       18,8       2,30       6507       7886       7064        790         31        884         89          0
 47      34977      13687          0       1268          0         65      56,35       1,35       19,0       2,26       6996       8015       7068        911         35        948         95          0
 48      34414      14057          0       1451          0         77      56,35       1,35       19,2       2,24       7457       8118       7047       1030         40       1001         99          0
 49      33837      14420          0       1651          0         91      56,35       1,35       19,3       2,21       7950       8202       6986       1169         47       1044        104          0
 50      33301      14699          0       1895          0        102      56,35       1,35       19,6       2,18       8421       8266       6878       1336         52       1079        108          0
 51      32772      14956          0       2155          0        114      56,35       1,35       19,8       2,15       8892       8325       6764       1502         58       1123        111          0
 52      32267      15159          0       2443          0        128      56,36       1,35       20,0       2,13       9348       8373       6615       1694         63       1156        115          0
 53      31775      15305          0       2774          0        144      56,36       1,34       20,2       2,08       9802       8412       6432       1911         69       1185        118          0
 54      31295      15405          0       3137          0        161      56,36       1,34       20,5       2,05      10249       8445       6225       2144         75       1208        121          0
 55      30843      15454          0       3524          0        178      56,36       1,34       20,8       2,03      10672       8474       5992       2399         82       1227        124          0
 56      30405      15461          0       3936          0        196      56,37       1,34       21,0       2,00      11089       8494       5744       2661         89       1233        125          0
 57      29989      15419          0       4375          0        216      56,37       1,33       21,3       1,96      11488       8512       5481       2935         95       1236        127          0
 58      29588      15308          0       4862          0        240      56,37       1,33       21,6       1,93      11871       8530       5190       3235        104       1240        126          0
 59      29208      15153          0       5376          0        262      56,37       1,33       21,8       1,90      12238       8543       4892       3541        109       1237        126          0
 60      28833      14974          0       5904          0        287      56,38       1,32       22,1       1,86      12595       8560       4593       3851        116       1233        126          0
 61      28479      14747          0       6459          0        314      56,38       1,32       22,3       1,83      12935       8575       4285       4166        123       1216        123          0
 62      28134      14478          0       7046          0        340      56,38       1,32       22,6       1,79      13263       8592       3971       4492        128       1202        121          0
 63      27805      14174          0       7653          0        366      56,38       1,31       22,8       1,76      13578       8606       3652       4821        132       1181        118          0
 64      27481      13850          0       8274          0        394      56,39       1,31       23,0       1,72      13884       8624       3340       5146        137       1154        114          0
 65      27176      13478          0       8920          0        425      56,39       1,30       23,2       1,68      14172       8641       3027       5472        140       1130        111          0
 66      26888      13083          0       9574          0        453      56,39       1,30       23,4       1,65      14444       8657       2715       5796        144       1093        107          0
 67      26610      12682          0      10222          0        484      56,40       1,30       23,6       1,62      14706       8672       2417       6106        149       1063        103          0
 68      26348      12234          0      10904          0        513      56,40       1,29       23,8       1,58      14950       8691       2124       6414        152       1032        100          0
 69      26102      11782          0      11573          0        542      56,41       1,29       24,0       1,55      15181       8706       1854       6698        154        999         98          0
 70      25865      11340          0      12222          0        571      56,41       1,29       24,2       1,52      15399       8725       1614       6954        156        964         96          0
 71      25647      10887          0      12859          0        605      56,42       1,29       24,3       1,49      15600       8742       1386       7197        159        923         91          0
 72      25421      10479          0      13461          0        638      56,42       1,28       24,5       1,46      15807       8761       1203       7397        161        888         87          0
 73      25223      10067          0      14038          0        670      56,43       1,28       24,6       1,43      15987       8778       1050       7565        162        851         83          0
 74      25027       9659          0      14611          0        701      56,43       1,28       24,7       1,40      16166       8796        918       7714        163        822         82          0
 75      24840       9255          0      15170          0        732      56,44       1,28       24,8       1,38      16335       8814        805       7844        164        788         79          0
 76      24662       8879          0      15692          0        764      56,45       1,27       24,9       1,35      16494       8832        723       7944        165        755         74          0
 77      24493       8507          0      16208          0        791      56,45       1,27       24,9       1,33      16648       8848        649       8034        165        719         70          0
 78      24326       8156          0      16698          0        818      56,46       1,27       25,0       1,31      16797       8866        593       8107        165        689         67          0
 79      24171       7819          0      17161          0        847      56,47       1,27       25,1       1,29      16934       8883        551       8165        166        663         65          0
 80      24017       7484          0      17622          0        875      56,48       1,26       25,1       1,27      17070       8901        521       8213        166        635         60          0
 81      23886       7164          0      18049          0        899      56,49       1,26       25,2       1,26      17186       8917        495       8255        166        609         58          0
 82      23752       6864          0      18460          0        923      56,50       1,26       25,2       1,24      17304       8933        477       8288        167        582         55          0
 83      23623       6581          0      18852          0        942      56,51       1,26       25,3       1,23      17413       8952        464       8320        167        553         53          0
 84      23502       6284          0      19249          0        963      56,52       1,26       25,3       1,21      17518       8969        451       8349        167        528         51          0
 85      23384       6013          0      19618          0        983      56,53       1,25       25,3       1,20      17616       8988        451       8369        167        506         48          0
 86      23267       5764          0      19970          0        998      56,53       1,25       25,4       1,19      17716       9006        449       8388        168        485         47          0
 87      23159       5511          0      20314          0       1015      56,54       1,25       25,4       1,18      17806       9024        449       8407        168        459         45          0
 88      23057       5263          0      20648          0       1031      56,55       1,25       25,4       1,16      17890       9042        449       8425        168        437         42          0
 89      22959       5023          0      20970          0       1046      56,57       1,25       25,5       1,15      17972       9057        447       8441        168        418         40          0
 90      22867       4798          0      21272          0       1061      56,57       1,25       25,5       1,15      18049       9072        446       8458        168        401         39          0
 91      22779       4578          0      21567          0       1074      56,58       1,25       25,5       1,14      18121       9089        444       8476        168        383         37          0
 92      22692       4368          0      21853          0       1085      56,59       1,25       25,5       1,13      18192       9105        444       8493        168        369         35          0
 93      22609       4178          0      22114          0       1098      56,60       1,24       25,5       1,12      18258       9122        443       8510        168        351         33          0
 94      22530       3982          0      22378          0       1109      56,61       1,24       25,6       1,12      18321       9138        442       8527        168        334         32          0
 95      22453       3790          0      22636          0       1119      56,62       1,24       25,6       1,11      18383       9154        440       8545        168        319         30          0
 96      22382       3619          0      22870          0       1128      56,63       1,24       25,6       1,10      18438       9169        438       8562        168        308         29          0
 97      22316       3451          0      23096          0       1135      56,64       1,24       25,6       1,10      18489       9183        434       8581        168        298         28          0
 98      22255       3279          0      23320          0       1144      56,65       1,24       25,6       1,09      18539       9195        430       8597        168        288         28          0
 99      22195       3123          0      23529          0       1151      56,66       1,24       25,6       1,09      18586       9208        426       8614        168        272         26          0
100      22137       2976          0      23726          0       1159      56,67       1,24       25,6       1,08      18632       9219        421       8630        168        259         24          0
101      22085       2838          0      23909          0       1167      56,68       1,24       25,6       1,08      18674       9230        414       8648        168        248         23          0
102      22033       2704          0      24090          0       1172      56,69       1,24       25,7       1,07      18714       9242        408       8666        168        239         22          0
103      21986       2579          0      24256          0       1177      56,70       1,24       25,7       1,07      18750       9253        403       8681        168        230         21          0
104      21937       2461          0      24418          0       1182      56,71       1,23       25,7       1,07      18789       9262        393       8701        168        221         20          0
105      21890       2353          0      24569          0       1186      56,72       1,23       25,7       1,06      18825       9273        387       8718        168        211         20          0
106      21850       2247          0      24711          0       1191      56,73       1,23       25,7       1,06      18857       9283        379       8735        168        203         19          0
107      21805       2146          0      24853          0       1194      56,74       1,23       25,7       1,05      18892       9292        370       8753        168        193         18          0
108      21767       2037          0      24995          0       1199      56,75       1,23       25,7       1,05      18923       9298        361       8769        168        185         17          0
109      21730       1947          0      25119          0       1202      56,76       1,23       25,7       1,05      18952       9306        353       8785        168        178         16          0
110      21693       1862          0      25238          0       1206      56,77       1,23       25,7       1,05      18981       9315        344       8802        168        169         15          0
111      21657       1775          0      25357          0       1209      56,78       1,23       25,8       1,04      19009       9322        334       8820        168        163         15          0
112      21622       1695          0      25469          0       1212      56,79       1,23       25,8       1,04      19038       9329        324       8836        168        155         15          0
113      21590       1619          0      25574          0       1215      56,80       1,23       25,8       1,04      19062       9337        316       8852        168        148         14          0
114      21561       1543          0      25676          0       1218      56,81       1,23       25,8       1,04      19086       9341        305       8868        168        139         13          0
115      21535       1474          0      25768          0       1221      56,81       1,23       25,8       1,04      19108       9346        295       8883        168        134         12          0
116      21509       1402          0      25864          0       1223      56,82       1,23       25,8       1,04      19128       9352        283       8900        168        126         11          0
117      21482       1338          0      25953          0       1226      56,83       1,23       25,8       1,03      19149       9358        273       8916        168        122         11          0
118      21454       1277          0      26040          0       1228      56,84       1,23       25,8       1,03      19171       9364        263       8932        168        116         10          0
119      21432       1216          0      26119          0       1231      56,85       1,23       25,8       1,03      19187       9369        252       8949        168        111         10          0
120      21410       1159          0      26195          0       1234      56,86       1,23       25,8       1,03      19204       9374        242       8963        168        105         10          0
121      21387       1109          0      26267          0       1236      56,86       1,23       25,8       1,03      19222       9379        234       8977        168        100          9          0
122      21368       1057          0      26336          0       1238      56,87       1,23       25,8       1,03      19238       9383        224       8991        168         95          9          0
123      21349       1008          0      26402          0       1239      56,88       1,23       25,8       1,02      19253       9387        215       9003        168         91          9          0
124      21331        960          0      26467          0       1240      56,89       1,22       25,8       1,02      19267       9391        206       9017        168         88          9          0
125      21314        912          0      26530          0       1242      56,89       1,22       25,8       1,02      19280       9395        195       9032        168         85          8          0
126      21298        869          0      26589          0       1242      56,90       1,22       25,8       1,02      19293       9398        186       9044        168         80          7          0
127      21280        826          0      26649          0       1244      56,91       1,22       25,8       1,02      19307       9402        176       9058        168         77          7          0
128      21264        790          0      26700          0       1245      56,92       1,22       25,8       1,02      19320       9405        169       9067        168         73          6          0
129      21248        756          0      26748          0       1246      56,93       1,22       25,8       1,02      19332       9408        163       9077        168         67          6          0
130      21232        726          0      26793          0       1247      56,93       1,22       25,8       1,02      19345       9411        157       9085        168         63          5          0
131      21219        698          0      26833          0       1247      56,94       1,22       25,8       1,01      19356       9413        151       9093        168         62          5          0
132      21208        667          0      26875          0       1248      56,95       1,22       25,8       1,01      19366       9415        145       9102        168         59          5          0
133      21197        635          0      26917          0       1250      56,95       1,22       25,8       1,01      19374       9417        138       9111        168         57          4          0
134      21187        605          0      26956          0       1250      56,96       1,22       25,8       1,01      19383       9419        130       9121        168         55          5          0
135      21176        577          0      26995          0       1251      56,97       1,22       25,8       1,01      19391       9422        125       9129        168         52          4          0
136      21166        548          0      27032          0       1252      56,98       1,22       25,8       1,01      19398       9424        118       9138        168         49          3          0
137      21157        523          0      27067          0       1252      56,98       1,22       25,8       1,01      19406       9426        112       9146        168         48          3          0
138      21148        493          0      27104          0       1253      56,99       1,22       25,8       1,01      19412       9428        106       9154        168         45          3          0
139      21140        475          0      27129          0       1253      57,00       1,22       25,8       1,01      19418       9431        103       9159        168         42          3          0
140      21132        452          0      27160          0       1254      57,00       1,22       25,8       1,01      19425       9432         96       9167        168         40          3          0
141      21125        428          0      27189          0       1256      57,01       1,22       25,8       1,01      19430       9434         91       9174        168         37          2          0
142      21118        408          0      27216          0       1256      57,02       1,22       25,8       1,01      19437       9434         86       9180        168         35          2          0
143      21109        388          0      27243          0       1258      57,03       1,22       25,8       1,01      19444       9435         81       9185        168         34          2          0
144      21103        368          0      27269          0       1259      57,03       1,22       25,8       1,01      19449       9436         77       9191        168         33          2          0
145      21097        351          0      27292          0       1259      57,04       1,22       25,8       1,01      19455       9437         72       9197        168         32          2          0
146      21091        332          0      27316          0       1260      57,04       1,22       25,8       1,01      19459       9439         68       9202        168         31          2          0
147      21085        314          0      27339          0       1261      57,05       1,22       25,8       1,01      19464       9439         64       9207        168         29          2          0
148      21079        299          0      27360          0       1261      57,06       1,22       25,8       1,01      19470       9440         60       9212        168         27          1          0
149      21072        285          0      27380          0       1261      57,06       1,22       25,8       1,01      19475       9442         57       9216        168         26          1          0
150      21068        271          0      27399          0       1261      57,07       1,22       25,8       1,01      19478       9443         54       9221        168         24          1          0
--- ---------- ---------- ---------- ---------- ---------- ---------- ---------- ---------- ---------- ---------- ---------- ---------- ---------- ---------- ---------- ---------- ---------- ----------
Día     Sanos  Infectados Importados    Curados Desinmuniz    Muertos     Ida     críticos  infectados         R0   Cercania   Clusters Infectados    Curados    Muertos   Enfermos Hospitaliz  Ambiental

