Fichero                                                      Desv.Media
------------------------------------------------------------ ---------- --
C:\Contagio\50CRB30\s001.log                                      39,49 ok
C:\Contagio\50CRB30\s002.log                                      30,42 ok
C:\Contagio\50CRB30\s003.log                                      12,85 ok
C:\Contagio\50CRB30\s004.log                                      75,27 ok
C:\Contagio\50CRB30\s005.log                                      11,62 ok
C:\Contagio\50CRB30\s006.log                                      26,25 ok
C:\Contagio\50CRB30\s007.log                                      31,98 ok
C:\Contagio\50CRB30\s008.log                                      27,54 ok
C:\Contagio\50CRB30\s009.log                                      27,00 ok
C:\Contagio\50CRB30\s010.log                                      52,81 ok
C:\Contagio\50CRB30\s011.log                                      41,15 ok
C:\Contagio\50CRB30\s012.log                                      29,34 ok
C:\Contagio\50CRB30\s013.log                                      20,45 ok
C:\Contagio\50CRB30\s014.log                                      28,41 ok
C:\Contagio\50CRB30\s015.log                                      33,56 ok
C:\Contagio\50CRB30\s016.log                                      63,50 ok
C:\Contagio\50CRB30\s017.log                                      16,70 ok
C:\Contagio\50CRB30\s018.log                                      13,82 ok
C:\Contagio\50CRB30\s019.log                                      29,38 ok
C:\Contagio\50CRB30\s020.log                                      21,77 ok
C:\Contagio\50CRB30\s021.log                                      28,43 ok
C:\Contagio\50CRB30\s022.log                                      24,91 ok
C:\Contagio\50CRB30\s023.log                                      51,10 ok
C:\Contagio\50CRB30\s024.log                                      34,18 ok
C:\Contagio\50CRB30\s025.log                                      25,52 ok
C:\Contagio\50CRB30\s026.log                                     192,80 
C:\Contagio\50CRB30\s027.log                                      93,48 
C:\Contagio\50CRB30\s028.log                                      20,10 ok
C:\Contagio\50CRB30\s029.log                                      14,38 ok
C:\Contagio\50CRB30\s030.log                                      18,71 ok
------------------------------------------------------------ ---------- --
                                           2 x      37,90  =      75,79
------------------------------------------------------------ ---------- --

                                                                       Recorrido  Contactos Media días            ------ Afectados ---- ----------  Clusters -----------
Día     Sanos  Infectados Importados    Curados Desinmuniz    Muertos     Ida     críticos  infectados         R0   Cercania   Clusters Infectados    Curados    Muertos   Enfermos Hospitaliz  Ambiental
--- ---------- ---------- ---------- ---------- ---------- ---------- ---------- ---------- ---------- ---------- ---------- ---------- ---------- ---------- ---------- ---------- ---------- ----------
  1      49990         10          0          0          0          0      56,37       0,00        0,0       0,00          0          0          0          0          0          0          0          0
  2      49990         10          0          0          0          0      56,36       0,00        0,0       0,00          0          0          0          0          0          0          0          0
  3      49990         10          0          0          0          0      56,36       0,00        0,0       0,00          0          0          0          0          0          0          0          0
  4      49983         16          0          0          0          0      56,35       0,43        0,0       0,00          0          5          5          0          0          0          0          0
  5      49979         20          0          0          0          0      56,35       0,56        0,0       0,00          1          9          9          0          0          0          0          0
  6      49975         24          0          0          0          0      56,35       0,68        0,0       0,00          2         12         12          0          0          0          0          0
  7      49963         36          0          0          0          0      56,35       0,76        0,0       0,00          3         23         23          0          0         10          0          0
  8      49950         49          0          0          0          0      56,35       0,86        0,0       0,00          5         34         34          0          0         10          0          0
  9      49934         64          0          0          0          0      56,35       0,88        0,9       0,61          6         48         48          0          0          9          0          0
 10      49906         93          0          0          0          0      56,35       0,90        1,1       0,64          9         73         73          0          0         16          1          0
 11      49875        124          0          0          0          0      56,34       0,93        1,4       0,45         13        101        100          0          0         20          1          0
 12      49843        156          0          0          0          0      56,34       0,95        2,4       0,58         18        128        128          0          0         24          2          0
 13      49807        192          0          0          0          0      56,34       1,00        4,8       1,01         25        157        157          0          0         35          3          0
 14      49771        227          0          0          0          0      56,35       1,07        6,3       1,47         34        184        183          0          0         48          4          0
 15      49733        265          0          1          0          0      56,35       1,17        7,4       1,93         47        209        209          0          0         63          5          0
 16      49693        305          0          1          0          0      56,35       1,22        9,3       1,76         60        236        235          0          0         91          8          0
 17      49650        346          0          2          0          0      56,34       1,30       10,8       2,14         76        263        261          1          0        122         11          0
 18      49594        401          0          3          0          0      56,35       1,34       11,5       2,50         91        304        302          1          0        153         14          0
 19      49532        463          0          4          0          0      56,35       1,36       11,7       2,11        106        350        348          2          0        188         18          0
 20      49463        531          0          5          0          0      56,34       1,39       11,9       2,06        124        402        399          3          0        222         21          0
 21      49383        609          0          7          0          0      56,35       1,41       12,0       1,99        145        460        456          4          0        259         24          0
 22      49296        694          0          8          0          0      56,34       1,43       12,2       1,97        167        525        520          5          0        297         28          0
 23      49197        790          0         11          0          0      56,34       1,44       12,9       1,85        195        597        589          7          0        337         32          0
 24      49082        902          0         14          0          0      56,35       1,46       13,4       1,90        223        683        673          9          0        390         38          0
 25      48951       1028          0         18          0          0      56,34       1,47       14,0       1,94        257        780        767         12          0        448         44          0
 26      48805       1170          0         23          0          0      56,34       1,47       14,3       1,93        295        889        872         16          0        512         51          0
 27      48642       1326          0         30          0          0      56,34       1,48       14,7       2,14        337       1009        987         21          0        585         58          0
 28      48470       1491          0         36          0          1      56,34       1,48       15,1       2,10        384       1135       1107         26          0        665         66          0
 29      48272       1681          0         44          0          1      56,34       1,49       15,5       2,14        437       1280       1246         32          0        756         75          0
 30      48055       1888          0         54          0          2      56,34       1,50       15,9       2,12        499       1435       1394         40          1        861         85          0
 31      47987       1944          0         65          0          2      55,43       1,43       16,2       2,16        535       1466       1424         40          1        980         97          0
 32      47914       2000          0         82          0          3      54,57       1,38       17,1       2,08        574       1501       1460         40          1       1109        110          0
 33      47834       2063          0         97          0          4      53,77       1,35       17,3       2,11        618       1537       1496         40          1       1255        124          0
 34      47754       2123          0        116          0          5      53,02       1,32       17,4       2,08        659       1575       1533         40          1       1408        140          0
 35      47678       2176          0        138          0          6      52,30       1,30       17,8       2,05        698       1613       1572         40          1       1582        158          0
 36      47607       2222          0        161          0          8      51,63       1,28       18,1       2,01        733       1649       1607         40          1       1774        177          0
 37      47539       2261          0        189          0         10      50,99       1,26       18,3       1,98        765       1684       1643         40          1       1812        181          0
 38      47471       2294          0        221          0         12      50,39       1,25       18,8       1,96        797       1720       1679         40          1       1852        185          0
 39      47402       2322          0        259          0         14      49,82       1,24       19,1       1,90        829       1757       1715         40          1       1891        188          0
 40      47334       2348          0        299          0         17      49,28       1,23       19,4       1,90        861       1794       1752         40          1       1928        192          0
 41      47262       2371          0        346          0         19      48,76       1,22       19,8       1,87        894       1832       1790         41          1       1956        195          0
 42      47196       2379          0        400          0         23      48,27       1,21       20,1       1,82        925       1868       1825         41          1       1969        196          0
 43      47128       2388          0        456          0         26      47,80       1,20       20,3       1,77        958       1903       1859         42          1       1978        198          0
 44      47063       2387          0        519          0         30      47,36       1,20       20,6       1,72        989       1937       1892         43          1       1978        198          0
 45      46995       2386          0        582          0         34      46,93       1,19       20,8       1,67       1021       1973       1926         45          1       1979        198          0
 46      46935       2371          0        654          0         39      46,53       1,19       21,1       1,65       1051       2003       1954         47          1       1971        198          0
 47      46877       2349          0        728          0         45      46,14       1,18       21,3       1,62       1082       2030       1979         50          1       1963        197          0
 48      46820       2323          0        806          0         49      45,77       1,18       21,5       1,60       1112       2056       2001         53          1       1947        195          0
 49      46767       2285          0        891          0         55      45,41       1,17       21,8       1,56       1143       2079       2019         57          1       1925        192          0
 50      46718       2236          0        983          0         61      45,07       1,17       22,0       1,52       1171       2099       2034         63          1       1891        187          0
 51      46668       2189          0       1074          0         67      44,74       1,17       22,3       1,50       1201       2119       2047         70          2       1862        184          0
 52      46622       2131          0       1172          0         74      44,43       1,17       22,5       1,47       1231       2136       2056         78          2       1818        180          0
 53      46577       2069          0       1272          0         80      44,13       1,17       22,8       1,46       1257       2155       2065         87          2       1770        175          0
 54      46537       1998          0       1377          0         87      43,84       1,17       23,1       1,44       1282       2170       2069         98          2       1714        171          0
 55      46495       1924          0       1486          0         93      43,56       1,17       23,3       1,42       1308       2186       2074        109          2       1652        163          0
 56      46456       1848          0       1595          0         99      43,29       1,16       23,6       1,40       1332       2200       2075        122          3       1586        156          0
 57      46419       1766          0       1707          0        106      43,03       1,16       23,9       1,38       1355       2214       2073        137          3       1517        150          0
 58      46383       1674          0       1828          0        113      42,78       1,17       24,1       1,34       1376       2230       2070        155          4       1435        141          0
 59      46346       1586          0       1947          0        119      42,54       1,16       24,3       1,30       1397       2245       2065        175          4       1355        133          0
 60      46314       1496          0       2064          0        125      42,31       1,17       24,6       1,27       1416       2259       2059        194          4       1273        125          0
 61      46281       1408          0       2177          0        132      42,08       1,17       24,8       1,24       1434       2273       2052        216          5       1195        116          0
 62      46247       1372          0       2243          0        136      41,86       1,17       24,8       1,23       1453       2289       2032        250          5       1163        113          0
 63      46215       1333          0       2310          0        140      41,65       1,16       24,9       1,22       1471       2303       2011        285          6       1129        110          0
 64      46186       1292          0       2377          0        144      41,45       1,16       24,9       1,21       1486       2317       1990        319          7       1095        107          0
 65      46158       1250          0       2442          0        148      41,25       1,16       25,0       1,20       1502       2328       1968        352          7       1062        104          0
 66      46130       1210          0       2507          0        151      41,06       1,16       25,0       1,19       1517       2341       1947        385          8       1026        101          0
 67      46104       1171          0       2569          0        155      40,88       1,16       25,0       1,18       1533       2352       1927        416          9        994         98          0
 68      46081       1131          0       2628          0        158      40,70       1,16       25,1       1,17       1546       2362       1905        447          9        965         95          0
 69      46055       1095          0       2687          0        161      40,53       1,16       25,1       1,16       1560       2374       1885        479          9        935         92          0
 70      46031       1055          0       2748          0        164      40,36       1,16       25,2       1,16       1573       2385       1862        512         10        900         88          0
 71      46009       1015          0       2806          0        168      40,19       1,16       25,2       1,15       1586       2393       1840        542         11        866         85          0
 72      45989        975          0       2863          0        171      40,03       1,16       25,2       1,14       1598       2401       1818        571         11        834         82          0
 73      45969        937          0       2917          0        174      39,88       1,16       25,3       1,14       1610       2409       1797        599         11        803         80          0
 74      45952        896          0       2973          0        177      39,72       1,16       25,3       1,13       1621       2415       1776        627         12        767         76          0
 75      45936        857          0       3024          0        180      39,58       1,16       25,3       1,12       1631       2421       1756        652         12        739         74          0
 76      45920        821          0       3074          0        183      39,43       1,16       25,4       1,12       1642       2426       1736        676         13        710         71          0
 77      45906        784          0       3121          0        187      39,30       1,16       25,4       1,11       1651       2431       1719        698         13        681         67          0
 78      45892        750          0       3167          0        190      39,16       1,16       25,4       1,10       1661       2436       1702        720         13        653         64          0
 79      45879        716          0       3211          0        192      39,03       1,16       25,4       1,10       1670       2439       1684        740         14        626         61          0
 80      45868        685          0       3251          0        194      38,90       1,16       25,4       1,09       1679       2442       1670        757         14        600         59          0
 81      45858        653          0       3291          0        197      38,77       1,16       25,5       1,09       1686       2444       1655        774         14        575         57          0
 82      45848        622          0       3329          0        199      38,65       1,16       25,5       1,08       1694       2447       1640        791         14        550         55          0
 83      45839        592          0       3365          0        202      38,53       1,16       25,5       1,08       1700       2449       1628        805         15        525         53          0
 84      45831        564          0       3400          0        204      38,41       1,16       25,5       1,07       1707       2451       1615        820         15        503         51          0
 85      45822        538          0       3433          0        206      38,30       1,16       25,5       1,07       1714       2453       1604        834         15        480         49          0
 86      45813        511          0       3466          0        208      38,18       1,16       25,5       1,07       1720       2456       1592        847         15        456         47          0
 87      45805        489          0       3495          0        209      38,07       1,16       25,5       1,07       1726       2458       1582        859         15        436         44          0
 88      45798        465          0       3524          0        211      37,97       1,16       25,6       1,06       1731       2459       1572        872         15        415         42          0
 89      45792        441          0       3552          0        213      37,86       1,16       25,6       1,06       1736       2461       1560        885         15        394         40          0
 90      45785        418          0       3580          0        215      37,76       1,16       25,6       1,06       1740       2463       1549        897         15        372         39          0
 91      45778        397          0       3607          0        216      37,66       1,16       25,6       1,05       1746       2464       1539        909         16        353         37          0
 92      45772        375          0       3633          0        217      37,56       1,16       25,6       1,05       1751       2465       1528        921         16        334         35          0
 93      45768        354          0       3658          0        219      37,47       1,16       25,6       1,05       1754       2467       1517        933         16        316         33          0
 94      45762        332          0       3683          0        220      37,37       1,16       25,6       1,05       1758       2468       1507        944         16        297         31          0
 95      45757        314          0       3706          0        221      37,28       1,16       25,7       1,05       1762       2470       1499        954         16        279         29          0
 96      45752        296          0       3728          0        222      37,19       1,16       25,7       1,04       1765       2471       1491        963         16        263         27          0
 97      45747        278          0       3749          0        223      37,10       1,16       25,7       1,04       1769       2473       1483        973         16        248         25          0
 98      45743        262          0       3768          0        225      37,02       1,16       25,7       1,04       1771       2474       1476        981         16        233         24          0
 99      45737        248          0       3787          0        226      36,93       1,16       25,7       1,04       1775       2477       1471        989         16        218         23          0
100      45733        234          0       3805          0        227      36,85       1,16       25,7       1,03       1777       2479       1466        996         16        204         21          0
101      45728        220          0       3822          0        228      36,77       1,16       25,7       1,03       1779       2481       1461       1003         16        191         20          0
102      45723        209          0       3838          0        229      36,69       1,16       25,7       1,03       1781       2484       1457       1009         16        179         18          0
103      45719        197          0       3853          0        230      36,61       1,16       25,7       1,03       1783       2487       1455       1014         17        168         17          0
104      45713        189          0       3865          0        231      36,53       1,16       25,7       1,03       1785       2490       1453       1019         17        159         16          0
105      45707        181          0       3878          0        231      36,46       1,16       25,8       1,02       1788       2494       1452       1024         17        151         15          0
106      45702        174          0       3890          0        232      36,38       1,16       25,8       1,02       1790       2496       1451       1028         17        143         14          0
107      45698        165          0       3902          0        233      36,31       1,16       25,8       1,02       1792       2498       1449       1031         17        135         13          0
108      45695        159          0       3912          0        233      36,24       1,16       25,8       1,02       1794       2500       1448       1034         17        130         13          0
109      45691        152          0       3921          0        234      36,17       1,16       25,8       1,02       1797       2501       1446       1037         17        124         12          0
110      45689        145          0       3930          0        235      36,10       1,16       25,8       1,02       1798       2501       1444       1039         17        121         11          0
111      45686        139          0       3938          0        235      36,03       1,16       25,8       1,02       1800       2502       1443       1041         17        119         11          0
112      45685        133          0       3945          0        236      35,97       1,16       25,8       1,02       1802       2502       1441       1044         17        115         11          0
113      45683        127          0       3953          0        236      35,90       1,16       25,8       1,01       1804       2502       1439       1046         17        111         10          0
114      45681        121          0       3959          0        237      35,84       1,16       25,8       1,01       1805       2502       1437       1047         17        108          9          0
115      45680        116          0       3965          0        237      35,77       1,16       25,8       1,01       1806       2502       1435       1049         17        104          9          0
116      45678        110          0       3972          0        238      35,71       1,16       25,8       1,01       1808       2503       1433       1052         17         99          9          0
117      45677        104          0       3979          0        238      35,65       1,16       25,8       1,01       1809       2503       1432       1054         17         95          8          0
118      45675        100          0       3985          0        239      35,59       1,16       25,8       1,01       1810       2503       1431       1055         17         90          8          0
119      45673         97          0       3990          0        239      35,53       1,16       25,8       1,01       1812       2504       1430       1057         17         87          8          0
120      45671         92          0       3996          0        239      35,47       1,16       25,8       1,01       1813       2505       1428       1059         17         82          7          0
121      45669         88          0       4001          0        240      35,41       1,16       25,8       1,01       1814       2505       1427       1061         17         77          7          0
122      45668         84          0       4006          0        240      35,36       1,16       25,8       1,01       1815       2506       1426       1062         17         74          7          0
123      45666         80          0       4012          0        241      35,30       1,16       25,8       1,01       1816       2507       1425       1064         17         69          6          0
124      45665         76          0       4016          0        241      35,25       1,16       25,8       1,01       1817       2507       1423       1066         17         66          6          0
125      45663         74          0       4020          0        241      35,19       1,16       25,8       1,01       1818       2508       1422       1067         17         64          6          0
126      45661         70          0       4025          0        241      35,14       1,16       25,8       1,01       1819       2509       1421       1069         17         61          6          0
127      45660         68          0       4029          0        242      35,09       1,16       25,8       1,01       1819       2509       1420       1071         17         59          5          0
128      45659         64          0       4033          0        242      35,04       1,16       25,8       1,01       1820       2509       1419       1073         17         56          5          0
129      45658         61          0       4037          0        242      34,99       1,16       25,8       1,01       1821       2509       1417       1075         17         53          5          0
130      45657         57          0       4041          0        242      34,94       1,16       25,8       1,01       1822       2510       1415       1077         17         50          4          0
131      45656         54          0       4045          0        242      34,89       1,16       25,8       1,01       1823       2510       1414       1078         17         47          4          0
132      45655         51          0       4049          0        243      34,84       1,16       25,8       1,01       1823       2510       1412       1080         17         45          4          0
133      45655         47          0       4053          0        243      34,79       1,16       25,8       1,01       1823       2510       1410       1082         17         42          3          0
134      45654         45          0       4056          0        243      34,74       1,16       25,8       1,01       1824       2511       1409       1084         17         40          3          0
135      45585         34          0       4131          0        248      34,71       1,15       25,8       1,00       1854       2550       1446       1087         17         28          2          0
136      45583         32          0       4135          0        249      34,66       1,15       25,8       1,00       1854       2551       1445       1088         17         26          2          0
137      45581         31          0       4137          0        249      34,62       1,15       25,8       1,00       1855       2552       1446       1089         17         24          1          0
138      45517         32          0       4199          0        251      34,58       1,15       25,8       1,00       1880       2592       1464       1109         17         24          1          0
139      45473         28          0       4242          0        254      34,54       1,15       25,8       1,00       1901       2614       1486       1111         17         22          1          0
140      45418         28          0       4296          0        257      34,50       1,15       25,8       1,00       1924       2647       1514       1116         17         20          1          0
141      45365         24          0       4349          0        260      34,46       1,15       25,8       1,00       1944       2679       1543       1118         16         19          1          0
142      45289         25          0       4422          0        262      34,43       1,15       25,8       1,00       1975       2724       1568       1140         16         19          1          0
143      45289         24          0       4424          0        262      34,38       1,15       25,8       1,00       1976       2724       1568       1140         16         18          1          0
144      45207         19          0       4505          0        268      34,35       1,16       25,8       1,00       2010       2772       1572       1183         16         17          1          0
145      45206         18          0       4504          0        269      34,31       1,15       25,8       1,00       2011       2771       1552       1201         17         17          1          0
146      45241          9          0       4477          0        271      34,27       1,16       25,8       1,00       2000       2748       1553       1177         17          9          0          0
147      45254         10          0       4467          0        267      34,23       1,16       25,8       1,00       1997       2737       1561       1159         16         10          1          0
148      44960         11          0       4741          0        286      34,22       1,16       25,8       1,00       2121       2908       1709       1181         17         10          1          0
149      44960         10          0       4742          0        286      34,18       1,16       25,8       1,00       2121       2908       1709       1181         17          9          1          0
150      45046         12          0       4658          0        282      34,13       1,17       25,8       1,00       2100       2843       1669       1158         16         12          1          0
--- ---------- ---------- ---------- ---------- ---------- ---------- ---------- ---------- ---------- ---------- ---------- ---------- ---------- ---------- ---------- ---------- ---------- ----------
Día     Sanos  Infectados Importados    Curados Desinmuniz    Muertos     Ida     críticos  infectados         R0   Cercania   Clusters Infectados    Curados    Muertos   Enfermos Hospitaliz  Ambiental

